-2.237535720819499119e+01	-6.411064529302890946e+00	-4.484570313000000752e+00
-2.617291953973116136e+01	-1.032572091184430541e+01	3.527360245237191716e+00
-2.820874182879138914e+01	-8.288410696540820410e+00	1.107258318874833769e+01
-3.846780615097657829e+01	-1.903486488914391117e+01	2.771274461747388784e+01
-3.727987842788855488e+01	-1.753484959336901028e+01	3.880744410788988574e+01
-1.922924251119957262e+01	-8.887058128720921601e+00	4.903041219479126056e+01
-1.645070768611165946e+01	-4.174396594550406903e+00	5.812732723016433312e+01
-6.345969045423692556e+00	-5.166114559833537179e+00	7.652269596078120628e+01
-7.808391434804782705e+00	-3.435932969320087516e+00	8.297996276747672084e+01
-5.405063508096056957e+00	-2.816033562243896338e+00	9.115342995000000315e+01
-1.746399756426827921e+01	-2.158349290426745526e+01	-4.484570313000000752e+00
-1.987900918500289649e+01	2.755293187265512866e+00	3.527360245237188163e+00
-3.778283452435338319e+01	-5.856102023949625845e+01	1.107258318874834835e+01
-5.205504196925598848e+01	-4.650853774159643450e+01	2.771274461747389140e+01
-4.518260514708389763e+01	-4.321286025195348657e+01	3.880744410788989995e+01
-3.527637828683312904e+01	-4.239654014828504813e+01	4.903041219479126056e+01
-3.735599600987674762e+01	-1.843839665452824406e+01	5.812732723016436864e+01
-2.096936153764702127e+01	-3.976499605614175437e+01	7.652269596078116365e+01
-8.001807553347193291e+00	2.135403347649545580e+01	8.297996276747680611e+01
-1.061140714224922377e+01	-7.784433813738567132e+00	9.115342995000004578e+01
5.176766533499735923e-01	-1.464596562426555693e+01	-4.484570312999999864e+00
-1.135262834761711970e+00	-1.823984033986414133e+01	3.527360245237198821e+00
2.300638126401525874e+00	-5.187852225467571543e+01	1.107258318874832526e+01
-1.821356450186566001e+00	-5.146409788199968460e+01	2.771274461747389140e+01
3.254778040434704423e+00	-7.004515709148827796e+01	3.880744410788986443e+01
-7.932107722274478689e+00	-5.718896643297519233e+01	4.903041219479124635e+01
1.870433842810063396e+01	-5.361586760232964366e+01	5.812732723016432601e+01
-5.060445620509404385e+00	-2.649410654188791270e+01	7.652269596078120628e+01
8.834530700108741641e+00	-3.339816993708983972e+01	8.297996276747670663e+01
7.664414709262459269e+00	-1.710810810187658504e+01	9.115342994999997472e+01
1.146399139161177061e+01	-1.306674721845272025e+01	-4.484570313000001640e+00
1.239463440613995004e+01	-2.660375379032086229e+01	3.527360245237195269e+00
3.883947788120114808e+01	-3.491711106970709011e+01	1.107258318874833769e+01
4.030234654558071128e+01	-4.026370917820418782e+01	2.771274461747388784e+01
2.342905848943137670e+01	-1.668172703179279281e+01	3.880744410788989995e+01
3.947091228914100469e+01	-2.437895801669002438e+01	4.903041219479125346e+01
1.304885519644645386e+00	3.169116774249544077e-01	5.812732723016435443e+01
9.426149696939543077e+00	-1.094302426454650501e+01	7.652269596078116365e+01
9.700254943466985580e+00	1.837812524299377692e+00	8.297996276747676347e+01
-9.878929637192546132e-01	1.242550228656447292e-01	9.115342995000001736e+01
2.129688433939420023e+01	2.117276369167069738e+00	-4.484570312999999864e+00
3.554585989210048069e+01	5.405248154966842300e+00	3.527360245237189940e+00
2.475546828277996880e+01	1.114561793688121760e+01	1.107258318874834124e+01
2.771520380652600224e+01	8.188792272446029585e+00	2.771274461747388074e+01
1.876546911791902872e+01	2.752101470330817090e+00	3.880744410788988574e+01
3.365411497127300144e+00	6.601126812258938159e+00	4.903041219479124635e+01
1.942207736384788674e+01	-1.100665912221660214e+01	5.812732723016432601e+01
3.141058420547099672e+01	1.399613056983653969e+01	7.652269596078120628e+01
-1.043206240230778548e+01	-1.607076915636622871e+01	8.297996276747669242e+01
6.786030628607763404e+00	-2.852971863722050028e+00	9.115342995000000315e+01
2.033820346602697526e+01	1.949120600792512192e+01	-4.484570313000002528e+00
1.350883058223392474e+01	1.575262929077868534e+01	3.527360245237195269e+00
1.314241199022177220e+01	5.979655069210457974e+00	1.107258318874833769e+01
2.437671699325160191e+01	2.103003378554472036e+01	2.771274461747390561e+01
1.585710658298343922e+01	2.148314244271749018e+01	3.880744410788988574e+01
3.374792386370574349e+01	5.738986955961053127e+00	4.903041219479127477e+01
4.044658919984987477e+01	4.987389993831341428e+01	5.812732723016436864e+01
4.212679165973663942e+01	1.798425164656012853e+01	7.652269596078119207e+01
2.770648177007231538e+01	3.478848577686802201e+01	8.297996276747676347e+01
6.455919348131346602e+00	3.041598224164924869e+00	9.115342995000004578e+01
5.950700503254419793e+00	3.703568831532809469e+01	-4.484570312999999864e+00
5.134973946575420278e+00	4.545298895113986504e+01	3.527360245237186387e+00
1.734815424946975071e+01	4.955501356043041028e+01	1.107258318874834124e+01
2.044910755369782951e+00	4.779990232419363849e+01	2.771274461747388074e+01
3.439165179612142964e+01	4.137346509056967392e+01	3.880744410788988574e+01
4.211555173905894733e+00	5.820623294480994758e+01	4.903041219479124635e+01
4.217926903374962677e+00	4.938375988260027327e+01	5.812732723016430469e+01
4.498403208052654811e+00	5.784683701537532841e+01	7.652269596078119207e+01
1.045710017918485057e+01	3.868479409889695830e+01	8.297996276747670663e+01
3.876085065348642722e+00	1.246611983050729044e+01	9.115342994999997472e+01
-2.056941158083350274e+01	2.785094882838173902e+01	-4.484570313000002528e+00
-2.041956254465272735e+01	1.966871467155602105e+01	3.527360245237198821e+00
-1.830203118543433050e+01	2.901731058121192319e+01	1.107258318874833769e+01
-2.034420475619757696e+01	2.936483766658087546e+01	2.771274461747390561e+01
-3.368992835565958188e+01	1.928530495007720802e+01	3.880744410788988574e+01
-2.567188116423287880e+01	2.905710723832505593e+01	4.903041219479129609e+01
-2.343359878893984316e+01	3.549573156124147744e+01	5.812732723016436864e+01
-1.939152614686153697e+01	3.371403918422183921e+01	7.652269596078122049e+01
-7.636660189246527786e+00	-2.108206069460848653e+01	8.297996276747676347e+01
-7.773728162728160029e+00	8.144823999967693240e+00	9.115342995000004578e+01
-1.968145760512944875e+01	2.228795037851044825e+00	-4.484570312999998976e+00
-3.230339388061138806e+01	7.569536815198673274e+00	3.527360245237195269e+00
-2.891746122539163011e+01	8.046325360051495679e+00	1.107258318874832526e+01
-3.138587409087406854e+01	3.713518268098924491e+00	2.771274461747388074e+01
-1.445350347839965544e+01	1.264636687530211923e+01	3.880744410788987153e+01
-2.006361463536374501e+01	-3.262277860930345996e-01	4.903041219479122503e+01
-2.509458349258755305e+01	3.219732006412667324e+00	5.812732723016432601e+01
-8.914144996039430779e+00	-1.246692110713618540e+01	7.652269596078114944e+01
7.122122149268482472e-02	1.198429221346784068e+01	8.297996276747672084e+01
-1.912483892370008709e+00	6.254301165319102740e-01	9.115342994999996051e+01
-2.237535720819499119e+01	-6.411064529302890946e+00	-4.484570313000000752e+00
-2.617291953973116136e+01	-1.032572091184430541e+01	3.527360245237191716e+00
-2.820874182879138914e+01	-8.288410696540820410e+00	1.107258318874833769e+01
-3.846780615097657829e+01	-1.903486488914391117e+01	2.771274461747388784e+01
-3.727987842788855488e+01	-1.753484959336901028e+01	3.880744410788988574e+01
-1.922924251119957262e+01	-8.887058128720921601e+00	4.903041219479126056e+01
-1.645070768611165946e+01	-4.174396594550406903e+00	5.812732723016433312e+01
-6.345969045423692556e+00	-5.166114559833537179e+00	7.652269596078120628e+01
-7.808391434804782705e+00	-3.435932969320087516e+00	8.297996276747672084e+01
-5.405063508096056957e+00	-2.816033562243896338e+00	9.115342995000000315e+01
