-1.456188551135288556e+01	-6.158548832518504490e+00	-3.906152344000000110e+00
-1.508993815256935456e+01	-4.271658511669632396e+00	-6.039667695132877601e-01
-1.669705715210530528e+01	-4.360117198995659749e+00	4.808522940477575780e+00
-2.016819197402412200e+01	-4.829511189230460744e+00	1.194286681335010769e+01
-1.864731460583107392e+01	-7.614537441828932884e+00	1.756991033474901087e+01
-1.778955777714060815e+01	-4.218123754559545802e+00	2.292133637510207222e+01
-1.818215993565436506e+01	-4.461015428191161369e+00	2.842421635960589654e+01
-1.483130231378152608e+01	-7.099920000212811111e+00	3.352653774508637952e+01
-1.678365316056844136e+01	-5.565629620394900279e+00	3.917843097792572138e+01
-1.566047774984585672e+01	-6.217100747049543408e+00	4.400097821686613742e+01
-1.608741279559465553e+01	-4.985091157749171664e+00	4.973293691752068213e+01
-1.302623566482720818e+01	-5.592349424557998105e+00	5.514901424880149250e+01
-1.043189075774434293e+01	-5.378191797253178308e+00	6.053028899879997482e+01
-1.668465799258609294e+01	-2.134775440560293891e+00	6.693708962119201544e+01
-1.275059132283185548e+01	-7.465849587145896749e+00	7.295639641896104877e+01
-1.320785519504066308e+01	-5.165548105787729050e+00	7.647873176999999600e+01
-1.153774696272370015e+01	-1.137454729475980031e+01	-3.906152344000000998e+00
-2.145192091583765048e+01	2.169929312358843898e+00	-6.039667695132864278e-01
-8.703084789233361818e+00	-1.449140190087145363e+01	4.808522940477574004e+00
-1.441725881473736059e+01	-1.147647954783609414e+01	1.194286681335010769e+01
-1.306620377887186812e+01	-1.116502429213873171e+01	1.756991033474901798e+01
-1.369772463734960155e+01	-1.385732769837277267e+01	2.292133637510207933e+01
-1.309684213603781266e+01	-4.684302430337376144e+00	2.842421635960589654e+01
-1.612340364964778416e+01	-5.567298330151928987e+00	3.352653774508640794e+01
-1.435287712509695979e+01	-1.197445035671064950e+01	3.917843097792572848e+01
-1.519989201271071266e+01	-1.176370276364454881e+01	4.400097821686614452e+01
-1.192307636956799577e+01	-6.914663826326830076e+00	4.973293691752069634e+01
-1.585714282349049853e+01	-9.282476918917554443e+00	5.514901424880149960e+01
-1.526232257125571934e+01	-4.483878969888384525e+00	6.053028899880000324e+01
-2.459141989291817598e+00	-1.291636718362600966e+01	6.693708962119200123e+01
-1.825385985476138018e+01	-9.496847669515810608e+00	7.295639641896111982e+01
-1.200199171518941021e+01	-1.030067735422336206e+01	7.647873177000002443e+01
-5.980384877104153674e+00	-7.758247272309317211e+00	-3.906152343999998777e+00
2.489681527838497388e+00	-2.233319805823347792e+01	-6.039667695132895364e-01
-1.482974518636553007e+01	-1.120690679591991668e+01	4.808522940477577556e+00
-7.749689150345774991e+00	-1.491913811764939624e+01	1.194286681335010591e+01
-1.177229316335937703e+01	-1.399037840704565383e+01	1.756991033474900377e+01
-5.990132142331938248e+00	-1.626152316052825242e+01	2.292133637510207222e+01
-1.163557947102490431e+01	-1.436734962106470093e+01	2.842421635960589299e+01
-1.690874975282036230e+00	-1.417000797371677656e+01	3.352653774508635109e+01
-4.007401220798044506e+00	-1.089820205940749354e+01	3.917843097792573559e+01
-6.447293060015857336e+00	-8.781929908586015188e+00	4.400097821686612320e+01
-8.412999909496335249e+00	-1.551734124840865370e+01	4.973293691752066792e+01
-3.821098419139132396e+00	-1.265538948609131076e+01	5.514901424880147829e+01
-3.346530903902551923e+00	-1.588337405743325625e+01	6.053028899879996061e+01
-2.088896297629381138e+01	-2.454370024164601816e+00	6.693708962119200123e+01
1.517753103185671693e+00	-1.193020086364277965e+01	7.295639641896102034e+01
-6.319740675815760156e+00	-7.831816667420699041e+00	7.647873176999998179e+01
2.394105932389344549e+00	-1.547534906539749855e+01	-3.906152344000000998e+00
-1.240180482664948691e+01	-1.399877855087583711e+01	-6.039667695132882042e-01
1.060556672775550346e+01	-2.109841965963616772e+01	4.808522940477577556e+00
-2.471528598396744769e+00	-1.939988846964849145e+01	1.194286681335010769e+01
4.123601226188434943e+00	-2.009981654743086565e+01	1.756991033474901442e+01
1.423212902230637011e+00	-1.498556276564148604e+01	2.292133637510207933e+01
3.432578517345385105e+00	-1.322385235922101998e+01	2.842421635960589654e+01
-4.044553122932914135e+00	-1.010221160133848173e+01	3.352653774508640794e+01
-1.724258114297769318e+00	-1.335765465269545338e+01	3.917843097792570717e+01
3.291552335309124278e+00	-1.673540582571781599e+01	4.400097821686615163e+01
3.564724316648647751e+00	-1.245577410901483439e+01	4.973293691752068924e+01
-1.427549855249711230e+00	-1.211854009148401445e+01	5.514901424880149960e+01
2.135823746610318263e+00	-9.653638447273893419e+00	6.053028899879999614e+01
6.800360109388598140e+00	-1.398633061523954524e+01	6.693708962119197281e+01
-1.990101420594028170e+00	-1.373923714357426817e+01	7.295639641896111982e+01
1.223169035127908533e+00	-1.389784669289483254e+01	7.647873177000001021e+01
8.385478115229565432e+00	-1.545292905783466075e+01	-3.906152343999999665e+00
1.690424893385068117e+01	-2.213700356877386355e+01	-6.039667695132890923e-01
1.168017026315131623e+01	-2.032131201495862527e+01	4.808522940477575780e+00
1.086077537473918930e+01	-1.970856888223151770e+01	1.194286681335010947e+01
1.117589450033574749e+01	-1.655000092025114000e+01	1.756991033474900377e+01
1.054358559836227371e+01	-2.393469605290300706e+01	2.292133637510207933e+01
1.450165169140638000e+01	-2.591351941733026720e+01	2.842421635960589299e+01
1.411372275756074224e+01	-2.233511613768108361e+01	3.352653774508637952e+01
6.830472414625469391e+00	-1.235916150738714414e+01	3.917843097792572138e+01
3.181511492336458247e+00	-1.329466144512203130e+01	4.400097821686615163e+01
5.798248571649139649e+00	-1.477025575387386702e+01	4.973293691752066792e+01
9.597422303852120251e+00	-1.352273872397327814e+01	5.514901424880149960e+01
2.362021563588416750e+00	-9.255445200887363555e+00	6.053028899879995350e+01
5.191996492418035736e+00	-1.453763008225489450e+01	6.693708962119201544e+01
9.520630771994611052e+00	-1.056686341048592404e+01	7.295639641896104877e+01
7.604203989743381520e+00	-1.064279317238625211e+01	7.647873176999999600e+01
1.576245927607721065e+01	-1.238054353752695924e+01	-3.906152344000000554e+00
2.419905142843469648e+01	-2.041201489141887748e+01	-6.039667695132859837e-01
2.531489707865567240e+01	-1.867252346749787861e+01	4.808522940477574004e+00
1.841243553671506916e+01	-1.465467750660588919e+01	1.194286681335011124e+01
1.757291665175841899e+01	-1.322573100873137086e+01	1.756991033474900732e+01
1.761299039192433824e+01	-1.131885954843183484e+01	2.292133637510208288e+01
2.498561627407322305e+01	-1.528253203785560288e+01	2.842421635960589654e+01
2.111758227914741326e+01	-1.923178076368188627e+01	3.352653774508638662e+01
2.212457539515920502e+01	-1.847681938834697490e+01	3.917843097792573559e+01
2.346014497258122944e+01	-1.761352563267049476e+01	4.400097821686612320e+01
1.605994603083225414e+01	-1.430939446250792635e+01	4.973293691752068213e+01
1.676162222002921354e+01	-1.350263904260260261e+01	5.514901424880151382e+01
1.365542301098163414e+01	-1.172747767215876458e+01	6.053028899879997482e+01
1.119120213252759655e+01	-4.723516132676105705e+00	6.693708962119202965e+01
1.069440045792894800e+01	-1.470916356009553994e+01	7.295639641896107719e+01
8.324787825022117005e+00	-1.147759830596746511e+01	7.647873177000001021e+01
2.877505071009167281e+01	-7.880526452179481112e+00	-3.906152344000000110e+00
3.085273181747719562e+01	-8.957249681135282415e+00	-6.039667695132899805e-01
2.842215926529677716e+01	-6.698267973982260592e+00	4.808522940477579333e+00
1.890366364659502096e+01	-3.394739961953758822e+00	1.194286681335010414e+01
1.087172518062342874e+01	-5.906601183377387265e+00	1.756991033474901442e+01
2.046906948330043363e+01	-3.386454640613908662e+00	2.292133637510206157e+01
1.831256171766846563e+01	-7.655871190655219038e+00	2.842421635960590365e+01
2.221115892261606106e+01	-2.334075408599852075e+00	3.352653774508637241e+01
1.993211353350140058e+01	-6.155183439144898294e+00	3.917843097792570717e+01
1.929524384271332593e+01	-5.716614975271286703e+00	4.400097821686615163e+01
2.677462850459551191e+01	-6.264239059196522241e+00	4.973293691752067502e+01
1.911690528565028302e+01	-5.297887214933406419e+00	5.514901424880146408e+01
1.852664127575548392e+01	-4.096086443511966380e+00	6.053028899879997482e+01
1.156398957725663834e+01	-8.056596297406017015e+00	6.693708962119198702e+01
1.778943028939919557e+01	8.054152885274938889e-01	7.295639641896107719e+01
1.484860736314568364e+01	-4.638613276705729760e+00	7.647873176999998179e+01
2.479439714785901572e+01	5.233430986620246195e+00	-3.906152343999999665e+00
3.675047783721490902e+01	8.405884977254519441e+00	-6.039667695132877601e-01
1.556317076334998717e+01	4.686226237119235805e+00	4.808522940477575780e+00
1.539876723673524062e+01	-2.087094378406479489e+00	1.194286681335010414e+01
1.358930141495146593e+01	2.914690613046722500e+00	1.756991033474900732e+01
1.512833020577324028e+01	8.978740470761256698e-02	2.292133637510207578e+01
1.590512762617978026e+01	2.481148597118449928e+00	2.842421635960588588e+01
1.772405157534810982e+01	2.921888298341673629e+00	3.352653774508637952e+01
1.488003563984889688e+01	6.327644251897913463e+00	3.917843097792572138e+01
1.769271362806815162e+01	-1.640921492927931213e+00	4.400097821686612320e+01
1.485611557635313318e+01	2.805526364271625273e+00	4.973293691752066792e+01
1.920860342242244556e+01	3.333285074709694484e+00	5.514901424880149960e+01
1.919857467870245671e+01	3.034162135762342505e+00	6.053028899879995350e+01
1.576443040622970848e+01	4.895447436794385432e+00	6.693708962119198702e+01
1.148282647629546105e+01	-3.474411472400777967e+00	7.295639641896104877e+01
1.325163104245817358e+01	5.432803227193900852e-01	7.647873176999998179e+01
1.676991527025845130e+01	1.293979011894285946e+01	-3.906152344000000998e+00
1.757870878265334014e+01	1.350320988515054665e+01	-6.039667695132882042e-01
1.503906390432729268e+01	1.051420334186488503e+01	4.808522940477577556e+00
9.886135133259637442e+00	5.841135478266323844e+00	1.194286681335010769e+01
1.303844866480938158e+01	5.760937618808323890e+00	1.756991033474901442e+01
1.192819079868217713e+01	7.170998639563336496e+00	2.292133637510207933e+01
1.095769062894910206e+01	6.495742895471634526e+00	2.842421635960589654e+01
9.462097269199961858e+00	7.715748525781330081e+00	3.352653774508638662e+01
1.286486189977933137e+01	4.541060207730494902e+00	3.917843097792573559e+01
1.166782673097748813e+01	6.681839836506171970e+00	4.400097821686615163e+01
1.122260239421915884e+01	6.945637840728765333e+00	4.973293691752068924e+01
9.876497986046947730e+00	5.619720495611566946e+00	5.514901424880149960e+01
1.222295013216951887e+01	1.320259439469546869e+01	6.053028899879999614e+01
1.432363418255087240e+01	4.411429365554670134e+00	6.693708962119200123e+01
1.484780513351717701e+01	1.416765200204053698e+01	7.295639641896111982e+01
1.252260498581255987e+01	9.228636939671796213e+00	7.647873177000001021e+01
8.683363808029522346e+00	1.437070195345397217e+01	-3.906152344000000110e+00
1.037237801356084788e+01	1.473243868680890856e+01	-6.039667695132864278e-01
1.507899318275856793e+01	2.189556263796842828e+01	4.808522940477574004e+00
1.676490577995852860e+01	2.200452668902069320e+01	1.194286681335010947e+01
1.344360135607948870e+01	1.843931817834257814e+01	1.756991033474900377e+01
9.818164989242415430e+00	1.920017773351623092e+01	2.292133637510208288e+01
1.334278318261139340e+01	1.455418735774024697e+01	2.842421635960589654e+01
5.970446752989801986e+00	1.719379088766376995e+01	3.352653774508637952e+01
7.317423238972797783e+00	5.488231461026131797e+00	3.917843097792573559e+01
5.109150989922421005e+00	1.192099010958362193e+01	4.400097821686613031e+01
6.932966182737493988e+00	7.996127485060098294e+00	4.973293691752067502e+01
3.945521655988220022e+00	1.072273167277723793e+01	5.514901424880149960e+01
1.390926636095132807e+01	6.757031021439495966e+00	6.053028899879996061e+01
5.333643808468315761e+00	2.336988675402738380e+01	6.693708962119198702e+01
1.114688471796900160e+01	1.135369591358249508e+01	7.295639641896107719e+01
8.251057148168085220e+00	1.384634852132669280e+01	7.647873176999998179e+01
1.908446319277201875e+00	1.785008382923498971e+01	-3.906152343999998777e+00
5.908354408597650931e+00	2.564515177802309509e+01	-6.039667695132868719e-01
8.105369930409124235e-01	2.675705806062535075e+01	4.808522940477570451e+00
3.441327065855096290e+00	2.746607730502030265e+01	1.194286681335010947e+01
5.674503930756843312e-02	2.842727634227716393e+01	1.756991033474900377e+01
1.009824629638625382e+01	2.340377419258895131e+01	2.292133637510206867e+01
-3.916720074343780222e+00	2.905070777203066612e+01	2.842421635960588588e+01
1.818113417867819948e+01	1.235592106854895356e+01	3.352653774508637952e+01
2.728928354431660708e+00	3.078041738320937171e+01	3.917843097792570717e+01
1.423437456408510382e+00	5.683909476024025409e+00	4.400097821686612320e+01
-2.485918524151520537e-01	1.398128990845654052e+01	4.973293691752066792e+01
2.978044143240393904e+00	4.774171000580825996e+00	5.514901424880147829e+01
-2.757922524914862450e+00	1.818179101544525622e+01	6.053028899879996061e+01
1.111889250462147771e+01	1.193136428958693784e+01	6.693708962119198702e+01
-4.073869180182458472e+00	1.957184041147242581e+01	7.295639641896104877e+01
2.459664818191957369e+00	1.653288810921813834e+01	7.647873176999998179e+01
-4.041532303005144655e+00	2.201008782664939645e+01	-3.906152344000000554e+00
-7.709754453574888977e+00	2.359853972938696742e+01	-6.039667695132882042e-01
-5.019189201448923221e+00	2.455793794643861716e+01	4.808522940477575780e+00
-7.165205995534895678e+00	1.928802819760478826e+01	1.194286681335011124e+01
3.365079928312155605e-02	1.914796644089482669e+01	1.756991033474901087e+01
-8.336802507536361873e+00	1.985251903756598324e+01	2.292133637510207222e+01
-4.042859397871409577e+00	1.680124428654484703e+01	2.842421635960589654e+01
-8.782396938213983262e+00	2.081432865320005021e+01	3.352653774508638662e+01
-6.418026887433784466e+00	1.602706587371513791e+01	3.917843097792573559e+01
-2.589760149019640689e+00	1.266450733097773806e+01	4.400097821686614452e+01
-4.894280217863235249e-02	6.548148255245288318e+00	4.973293691752069634e+01
-1.870495285031021249e+00	5.866598267875494876e+00	5.514901424880152803e+01
2.841713643455112237e+00	8.036904215659767203e+00	6.053028899879996061e+01
-1.216611271385214899e+01	2.058749516418984982e+01	6.693708962119204386e+01
-7.472286909530886367e-01	1.486289239329224543e+01	7.295639641896106298e+01
-4.043250407977013516e+00	1.264463317950907673e+01	7.647873177000001021e+01
-1.722930427402803488e+01	1.750199521883530807e+01	-3.906152344000000110e+00
-2.088938239989257539e+01	1.741524857927673153e+01	-6.039667695132890923e-01
-1.037975915115631587e+01	1.982684024740555273e+01	4.808522940477577556e+00
-1.630811649614919290e+01	1.908767193295104647e+01	1.194286681335010236e+01
-1.801585332925117555e+01	1.738176644097596224e+01	1.756991033474901442e+01
-1.226173621234637956e+01	1.649513444409590690e+01	2.292133637510207222e+01
-1.137239460121966239e+01	1.705943623173536849e+01	2.842421635960589654e+01
-1.011805290670703528e+01	1.014253193370324091e+01	3.352653774508637952e+01
-8.375538180988657544e+00	1.352431709684532635e+01	3.917843097792572138e+01
-9.014283627859382975e+00	6.791812134972358805e+00	4.400097821686613031e+01
-7.031038947882893853e-01	7.187808909981479921e+00	4.973293691752067502e+01
-8.935964794806103839e+00	6.031106636408416932e+00	5.514901424880146408e+01
-8.425067704861749718e+00	8.817107449804842290e+00	6.053028899879999614e+01
-3.084850151792362549e+00	1.221781646475560557e+01	6.693708962119198702e+01
-1.361802605200237259e+01	8.660761380344592197e+00	7.295639641896104877e+01
-8.664243454807834866e+00	1.153855592047349710e+01	7.647873176999999600e+01
-2.197123092867479599e+01	8.685927399562419993e+00	-3.906152344000000110e+00
-2.263257510160624975e+01	1.418486846191913742e+01	-6.039667695132882042e-01
-3.213175653004800836e+01	6.809356189975996010e+00	4.808522940477577556e+00
-2.656691308527377160e+01	1.036608722665771509e+01	1.194286681335010769e+01
-2.855964761463122414e+01	8.164886301788191858e+00	1.756991033474901087e+01
-2.618236028703508822e+01	1.081510113204604373e+01	2.292133637510206867e+01
-2.617993490834564696e+01	1.104700893445591703e+01	2.842421635960590720e+01
-2.564993210433329907e+01	8.537626612930562686e+00	3.352653774508637952e+01
-2.390075106140746541e+01	6.982198529336611337e+00	3.917843097792572138e+01
-1.261583867236954859e+01	7.838234298061681038e+00	4.400097821686615163e+01
-1.726604705887940483e+01	3.247069420375056747e+00	4.973293691752069634e+01
-1.358835109412772191e+00	7.650843098029710632e+00	5.514901424880149250e+01
-8.609809099333077143e+00	2.585050234365095623e+00	6.053028899879998193e+01
-2.183832920245879805e+01	7.064780388398516742e+00	6.693708962119200123e+01
-1.203994138709418138e+01	5.216384309065135838e+00	7.295639641896107719e+01
-1.551553921267375635e+01	4.257008832657203534e+00	7.647873176999999600e+01
-2.620317266522726030e+01	-2.428055976832587337e+00	-3.906152344000000110e+00
-2.104603127129839635e+01	-9.527576787156732507e+00	-6.039667695132886482e-01
-1.772181998092126776e+01	1.070924145671398042e+00	4.808522940477577556e+00
-2.658647243642220914e+01	-5.864844892106550134e+00	1.194286681335010769e+01
-2.310086244085862361e+01	-3.645338953611110711e+00	1.756991033474901087e+01
-2.492179600421257746e+01	-4.417232402972087968e+00	2.292133637510207222e+01
-2.509933355064129756e+01	-4.381094512364288818e+00	2.842421635960589299e+01
-2.054379920014331873e+01	-1.266408147569224818e+00	3.352653774508639373e+01
-1.953834999881988210e+01	-1.847342258166537077e+00	3.917843097792572138e+01
-2.065364555494456056e+01	-6.735125290382407703e-01	4.400097821686613031e+01
-1.992489955425457993e+01	9.546150434833884368e-01	4.973293691752066081e+01
-1.778917956601664585e+01	-5.857864744152805336e-01	5.514901424880152803e+01
-1.380751713226347377e+01	1.013442073956191569e+00	6.053028899879995350e+01
-1.562437120354620390e+01	-5.391832251115165953e+00	6.693708962119204386e+01
-1.537239089054358487e+01	5.604323711488523596e-01	7.295639641896103456e+01
-1.416133309089314452e+01	-9.268967176559428367e-01	7.647873176999999600e+01
-1.456188551135288556e+01	-6.158548832518504490e+00	-3.906152344000000110e+00
-1.508993815256935456e+01	-4.271658511669632396e+00	-6.039667695132877601e-01
-1.669705715210530528e+01	-4.360117198995659749e+00	4.808522940477575780e+00
-2.016819197402412200e+01	-4.829511189230460744e+00	1.194286681335010769e+01
-1.864731460583107392e+01	-7.614537441828932884e+00	1.756991033474901087e+01
-1.778955777714060815e+01	-4.218123754559545802e+00	2.292133637510207222e+01
-1.818215993565436506e+01	-4.461015428191161369e+00	2.842421635960589654e+01
-1.483130231378152608e+01	-7.099920000212811111e+00	3.352653774508637952e+01
-1.678365316056844136e+01	-5.565629620394900279e+00	3.917843097792572138e+01
-1.566047774984585672e+01	-6.217100747049543408e+00	4.400097821686613742e+01
-1.608741279559465553e+01	-4.985091157749171664e+00	4.973293691752068213e+01
-1.302623566482720818e+01	-5.592349424557998105e+00	5.514901424880149250e+01
-1.043189075774434293e+01	-5.378191797253178308e+00	6.053028899879997482e+01
-1.668465799258609294e+01	-2.134775440560293891e+00	6.693708962119201544e+01
-1.275059132283185548e+01	-7.465849587145896749e+00	7.295639641896104877e+01
-1.320785519504066308e+01	-5.165548105787729050e+00	7.647873176999999600e+01
