-1.614324339253321838e+01	-6.825846126651269330e+00	-3.587792968750000089e+00
-1.530015930675542002e+01	-8.014893771020883406e+00	-3.295930262225542640e-01
-2.182579557142766902e+01	-8.014730839496534642e+00	6.085214930660623800e+00
-2.053156370605636383e+01	-8.895338874894070713e+00	1.400184415101504598e+01
-2.126492759125699195e+01	-7.997673177477122586e+00	2.012866361155709427e+01
-2.075492009704839447e+01	-7.767422054290229916e+00	2.604456676068804910e+01
-1.821947569443807424e+01	-7.188183475447874393e+00	3.207210700508105816e+01
-1.960475261906527322e+01	-6.290937800770918464e+00	3.792233346957106477e+01
-1.861703968195168457e+01	-9.169052085111388806e+00	4.380696084013172964e+01
-2.183216974118477083e+01	-8.629704793266146368e+00	4.977713559665721732e+01
-2.037193515819003764e+01	-8.654452650134293989e+00	5.532707307549257081e+01
-2.215237931037751551e+01	-8.325682278036032002e+00	6.151810644155902708e+01
-1.900064863714696628e+01	-7.968946442237263561e+00	6.775171233381125546e+01
-1.680354056284700803e+01	-5.301062235356292618e+00	7.528614918232315745e+01
-1.266642912705913915e+01	-5.239564857729549274e+00	8.121939255315616890e+01
-1.235736227703501022e+01	-4.252508504476016249e+00	8.519267478248100645e+01
-1.236028194137563396e+01	-1.127322216339015348e+01	-3.587792968749998757e+00
-1.740483709422091962e+01	-1.377036784848786333e+01	-3.295930262225578722e-01
-1.166171291944876565e+01	-1.256288280043619210e+01	6.085214930660627353e+00
-1.574029818626790878e+01	-1.040762555317132687e+01	1.400184415101503710e+01
-1.782844526540458574e+01	-6.834407516915916858e+00	2.012866361155708717e+01
-1.536918594424183659e+01	-9.641989478483409926e+00	2.604456676068804555e+01
-1.719596688444600474e+01	-8.562477487358513883e+00	3.207210700508105106e+01
-1.553335691060666690e+01	-8.540319902743803482e+00	3.792233346957105766e+01
-1.242051376962830744e+01	-1.291779895411336021e+01	4.380696084013171543e+01
-2.048174000583148313e+01	-1.267115334301801610e+01	4.977713559665722443e+01
-1.721167934323139193e+01	-1.102809482784447859e+01	5.532707307549254949e+01
-1.377823909325420004e+01	-1.805767459472186687e+01	6.151810644155901286e+01
-2.138972372253133969e+01	-1.234358162704723583e+01	6.775171233381122704e+01
-1.543711201439956504e+01	-6.452469106210578786e+00	7.528614918232318587e+01
-7.811954946366632235e+00	-1.209465738760891895e+01	8.121939255315612627e+01
-4.949633216989449025e+00	-5.651275020684213501e+00	8.519267478248096381e+01
-6.904504914058342102e+00	-1.350110609519473215e+01	-3.587792968750001421e+00
-1.366115996070204019e+01	-7.399969643372111605e+00	-3.295930262225497676e-01
-9.727287927181277993e+00	-2.512505274565025104e+01	6.085214930660620247e+00
-1.500727688896616563e+01	-1.548126372614216706e+01	1.400184415101505131e+01
-9.010404371182563210e+00	-2.464012318654527434e+01	2.012866361155710493e+01
-1.063466046712320257e+01	-1.967043058840773995e+01	2.604456676068805976e+01
-7.618613981734255525e+00	-1.913083473716317684e+01	3.207210700508105816e+01
-4.880852373825216084e+00	-1.354961685307384123e+01	3.792233346957107898e+01
-8.420411067156170049e+00	-1.455847945514270769e+01	4.380696084013173675e+01
-3.579518055421016864e+00	-1.721754481977487217e+01	4.977713559665724574e+01
-9.581177888912270291e+00	-1.587459858447903471e+01	5.532707307549255660e+01
-8.322779462220168512e+00	-1.475461499375015784e+01	6.151810644155906971e+01
-4.497577799275487287e+00	-1.640679878860925811e+01	6.775171233381124125e+01
-5.424262151867441872e+00	-1.646814873273882540e+01	7.528614918232320008e+01
-8.386783757587584986e+00	-1.028819909155211398e+01	8.121939255315616890e+01
-7.514996134958507490e+00	-9.180673712443065071e+00	8.519267478248104908e+01
2.845478668727533300e+00	-2.135355390227744010e+01	-3.587792968749999201e+00
2.087174751996051736e+00	-3.188478929371840920e+01	-3.295930262225614804e-01
3.160333189134508558e+00	-2.704719200573848426e+01	6.085214930660631794e+00
5.625061963456420955e+00	-3.295609587653555650e+01	1.400184415101503710e+01
3.660973979229583009e+00	-2.753983331431761528e+01	2.012866361155709427e+01
4.628620972821376078e+00	-2.485892607507854279e+01	2.604456676068803134e+01
2.241205806921213295e+00	-2.390639459658069299e+01	3.207210700508105816e+01
2.268642227503343989e+00	-2.007327707294066599e+01	3.792233346957105766e+01
2.131736707416735044e+00	-1.606073324986189377e+01	4.380696084013172253e+01
2.123391621457995537e+00	-1.707207967177613739e+01	4.977713559665721021e+01
1.405799250694429237e+00	-1.821814843753230662e+01	5.532707307549255660e+01
2.256082292191053273e+00	-1.817283996118803913e+01	6.151810644155899155e+01
1.739197715101610253e+00	-1.671411680696439461e+01	6.775171233381126967e+01
4.128166859527072852e+00	-1.245481374113863104e+01	7.528614918232312903e+01
2.181319218157631301e+00	-1.164379075386826123e+01	8.121939255315616890e+01
2.816281786362669681e+00	-1.060570988643066315e+01	8.519267478248097802e+01
1.259682950879466290e+01	-2.213745350268424872e+01	-3.587792968749999645e+00
2.295009252012497569e+01	-3.628709231731298246e+01	-3.295930262225542640e-01
1.959248244232359681e+01	-3.691018067873048381e+01	6.085214930660623800e+00
2.090025222396770488e+01	-3.598790804451029857e+01	1.400184415101504776e+01
2.065949842208065945e+01	-3.944097962508202926e+01	2.012866361155709427e+01
1.713060349716443653e+01	-3.760945170525359060e+01	2.604456676068805621e+01
2.192261266865784108e+01	-3.710642890329571486e+01	3.207210700508105106e+01
1.863298584840249106e+01	-3.648243939541615077e+01	3.792233346957105766e+01
1.222916858647390370e+01	-2.537618567094539657e+01	4.380696084013172964e+01
1.078517202110701945e+01	-2.254249931198635082e+01	4.977713559665721732e+01
1.119844993625631169e+01	-1.955448554686848084e+01	5.532707307549257081e+01
1.201307088712510662e+01	-1.867079502670254598e+01	6.151810644155903418e+01
7.928511390750597521e+00	-1.795345818189682774e+01	6.775171233381122704e+01
1.257402682611377553e+00	-1.096232661408613396e+01	7.528614918232315745e+01
9.002313668367790456e+00	-1.008979361042275791e+01	8.121939255315616890e+01
5.477129836565914012e+00	-9.872912960785763303e+00	8.519267478248102066e+01
2.883830617296652576e+01	-2.332703157073164490e+01	-3.587792968750000533e+00
2.659741048956666987e+01	-2.286651705368896259e+01	-3.295930262225551521e-01
3.055743389765632401e+01	-2.311974359587010497e+01	6.085214930660623800e+00
3.197768388574363030e+01	-2.154697805090618346e+01	1.400184415101505131e+01
3.504294983885861114e+01	-2.430517438328088176e+01	2.012866361155709427e+01
3.132648640903347470e+01	-2.304608445237645498e+01	2.604456676068805621e+01
3.444249722606581088e+01	-2.099028193851771817e+01	3.207210700508107237e+01
3.368514859370687020e+01	-2.160775688990259624e+01	3.792233346957106477e+01
3.301466128889273932e+01	-2.419962533030216179e+01	4.380696084013175096e+01
3.189450811655256857e+01	-2.328252281882980412e+01	4.977713559665721021e+01
2.693797146946525700e+01	-1.999161965215881409e+01	5.532707307549257791e+01
2.082427755427000093e+01	-2.071230307320415420e+01	6.151810644155903418e+01
2.260491585494050426e+01	-1.472091474454233406e+01	6.775171233381125546e+01
1.706375241330730574e+01	-1.433250453448164663e+01	7.528614918232320008e+01
5.642286181887739005e+00	-6.129830849861090059e+00	8.121939255315616890e+01
9.164566063976304022e+00	-7.945758905117497051e+00	8.519267478248103487e+01
3.417625629173734580e+01	-8.878625579115608346e+00	-3.587792968749999201e+00
3.591387991287280812e+01	-1.121514095454382343e+01	-3.295930262225560403e-01
4.868795201309748677e+01	-8.544857370552939813e+00	6.085214930660623800e+00
2.231888351149573424e+01	-5.999722019061764833e+00	1.400184415101504598e+01
2.362451239322057361e+01	-3.607619986545072432e+00	2.012866361155708361e+01
2.327563093130989813e+01	-6.698823282889548203e+00	2.604456676068804910e+01
1.908452912380486310e+01	-6.938165672304680953e+00	3.207210700508104395e+01
2.168381870026443892e+01	-9.721995348405462423e+00	3.792233346957106477e+01
2.723102327117197419e+01	-5.213801633443174488e+00	4.380696084013172253e+01
2.759931963755713724e+01	-7.440732640952237631e+00	4.977713559665722443e+01
3.254332793267456481e+01	-6.819989110182788750e+00	5.532707307549255660e+01
2.973409001754544789e+01	-6.042005045485391079e+00	6.151810644155901286e+01
2.882523976560644030e+01	-1.026036679966377996e+01	6.775171233381126967e+01
1.869327440245223571e+01	-1.016991501024445244e+00	7.528614918232312903e+01
1.087492031978174190e+01	-8.822804367729721875e+00	8.121939255315614048e+01
1.230479034631614610e+01	-5.636259480736110383e+00	8.519267478248097802e+01
3.321746233511993296e+01	5.963336483333510962e+00	-3.587792968749999645e+00
3.288176843668632188e+01	1.180662188641174026e+01	-3.295930262225515439e-01
1.661988195320384065e+01	-4.687606984736406801e+00	6.085214930660620247e+00
2.226834557256366764e+01	4.073412306847972175e+00	1.400184415101504776e+01
2.087068468532095267e+01	4.471205930240202520e+00	2.012866361155709427e+01
1.974041131689114081e+01	-1.153921626853897875e+00	2.604456676068805621e+01
2.038296812868403407e+01	5.967477248889896835e+00	3.207210700508105106e+01
2.076315798473752849e+01	-1.490924066220327804e+00	3.792233346957105766e+01
1.846802461749582847e+01	5.398855050760829499e+00	4.380696084013172253e+01
2.130302369549167452e+01	4.963285043580295541e-01	4.977713559665724574e+01
2.137882820791571703e+01	2.530643483906811042e+00	5.532707307549254949e+01
2.574873034995706433e+01	3.511613981167178711e+00	6.151810644155903418e+01
2.411542345856233283e+01	4.939107942697678943e+00	6.775171233381124125e+01
2.223255570647826218e+01	7.114894746086176669e-01	7.528614918232315745e+01
9.562368635171726083e+00	2.972576058028726820e+00	8.121939255315621153e+01
1.274567752506653484e+01	3.109019731522448815e+00	8.519267478248100645e+01
1.486410085898354438e+01	1.200308478227354492e+01	-3.587792968750000533e+00
1.768607718605234780e+01	1.188627782677738942e+01	-3.295930262225569285e-01
1.882711039256306762e+01	1.424710526151931411e+01	6.085214930660627353e+00
1.715194450524151648e+01	1.015926154252292335e+01	1.400184415101504243e+01
1.463532527385586590e+01	6.626956033719014094e+00	2.012866361155710138e+01
1.650423203093726698e+01	1.337916575073201209e+01	2.604456676068804910e+01
1.664577519930621463e+01	8.111760757463031268e+00	3.207210700508105816e+01
1.631258695732392994e+01	1.067599069523429911e+01	3.792233346957108608e+01
1.483347855778125357e+01	5.465135270204319440e+00	4.380696084013171543e+01
1.011805490684077036e+01	7.986994206390972906e+00	4.977713559665722443e+01
9.179576304973229739e+00	1.017608536571365363e+01	5.532707307549257791e+01
1.314015367015558056e+01	5.663547544162367053e+00	6.151810644155901286e+01
1.517438201189729341e+01	1.142890228762301241e+01	6.775171233381125546e+01
1.151895656282157709e+01	9.976955030389319745e+00	7.528614918232315745e+01
1.526860913884061155e+01	6.127909580046797977e+00	8.121939255315616890e+01
7.657129613851049399e+00	2.927664122520709178e+00	8.519267478248100645e+01
1.616751298797447589e+01	2.095175823797725201e+01	-3.587792968749998757e+00
1.510418132698148597e+01	2.925128483565808679e+01	-3.295930262225506557e-01
2.028936135183818479e+01	2.145345327684584902e+01	6.085214930660616695e+00
1.650595461569364986e+01	3.097790218209480884e+01	1.400184415101504776e+01
2.101959209598988565e+01	2.635361710879253394e+01	2.012866361155708717e+01
1.727398734321691620e+01	2.603700170604927067e+01	2.604456676068804555e+01
1.637400999891472253e+01	2.475563439999684689e+01	3.207210700508105106e+01
1.265153377530975298e+01	1.334096463937556543e+01	3.792233346957105056e+01
9.392117506047682696e+00	2.196556054302671157e+01	4.380696084013171543e+01
1.141620011532843115e+01	8.899725503099613633e+00	4.977713559665722443e+01
7.077125467436084172e+00	9.997194291173878256e+00	5.532707307549253528e+01
7.118424119898196345e+00	1.200996525144001836e+01	6.151810644155903418e+01
5.542747300830489721e+00	9.902841071982489751e+00	6.775171233381119862e+01
1.134897226907273549e+01	1.697676238621242817e+01	7.528614918232318587e+01
9.410321896152247234e+00	1.496601757813828648e+01	8.121939255315612627e+01
8.240784217790151800e+00	1.199896893453438551e+01	8.519267478248097802e+01
2.422469432429358527e+00	2.770872529290985042e+01	-3.587792968750000533e+00
3.614530237546634162e+00	3.015414061578384519e+01	-3.295930262225569285e-01
6.005215031562543437e+00	3.038696718738265190e+01	6.085214930660627353e+00
1.234171374360634177e+00	2.998221916798174291e+01	1.400184415101504243e+01
5.925415128871108550e+00	2.899770567732371163e+01	2.012866361155710138e+01
8.551910968111890998e-01	3.013973544499677715e+01	2.604456676068804910e+01
5.834596492480412344e+00	2.772283855268905128e+01	3.207210700508105816e+01
2.072053373100500639e+00	2.953911798885676276e+01	3.792233346957105766e+01
4.574962242951069236e+00	2.132266941306348684e+01	4.380696084013174385e+01
8.442060593407274549e-01	1.977548396838926692e+01	4.977713559665721732e+01
4.118341286259082246e+00	1.359491771856857767e+01	5.532707307549257081e+01
-3.801462375885397704e-02	1.054682603074644298e+01	6.151810644155901286e+01
4.695773528063519997e+00	1.432058864809260079e+01	6.775171233381126967e+01
6.732693527704598502e-01	1.961542612668390362e+01	7.528614918232318587e+01
2.965953579837711462e+00	1.471595543031246223e+01	8.121939255315616890e+01
8.102812560682333132e-01	1.307316404412958022e+01	8.519267478248100645e+01
-8.694869084238991519e+00	2.917376856105685690e+01	-3.587792968750000089e+00
-7.242451455366259339e+00	3.139706386070643518e+01	-3.295930262225533203e-01
-1.265429812204622273e+01	3.296814354763635180e+01	6.085214930660623800e+00
-8.171049087058920080e+00	2.890151900486294778e+01	1.400184415101504776e+01
-1.043276333382283205e+01	2.992293723139675876e+01	2.012866361155709427e+01
-8.562551959258524192e+00	2.840383291913244435e+01	2.604456676068804910e+01
-9.638272955253384566e+00	2.669654845902318385e+01	3.207210700508105816e+01
-7.230784957055465867e+00	2.130800138714802117e+01	3.792233346957106477e+01
-7.187454237219871089e+00	2.327876176510060446e+01	4.380696084013172964e+01
-4.314796732003280511e+00	2.263199626840234657e+01	4.977713559665721732e+01
-4.060770953997040245e+00	1.232625334570615117e+01	5.532707307549257081e+01
-3.912001176667511793e+00	1.101620568105025910e+01	6.151810644155901286e+01
-2.763998827380887757e+00	9.577354864739225704e+00	6.775171233381126967e+01
-7.862690826185647630e+00	1.475997259018804542e+01	7.528614918232311481e+01
-3.549742241166741863e+00	1.854306533588821893e+01	8.121939255315622574e+01
-1.091771635628885129e+00	9.641550472433191743e+00	8.519267478248102066e+01
-2.510713348717009197e+01	2.601819130911620803e+01	-3.587792968749998312e+00
-2.468920071582734721e+01	2.835248640678780419e+01	-3.295930262225533203e-01
-2.795917179308628064e+01	2.641616508933019603e+01	6.085214930660620247e+00
-2.354918577071256536e+01	3.049382558642738417e+01	1.400184415101504243e+01
-2.725257387648072083e+01	2.668919152059857680e+01	2.012866361155708717e+01
-2.223037863144459081e+01	2.761167353161390636e+01	2.604456676068804555e+01
-2.495385643222930128e+01	2.531340253903569959e+01	3.207210700508105106e+01
-2.028057588405627953e+01	2.730929981129888873e+01	3.792233346957105056e+01
-2.077488538620616865e+01	2.064834498027217080e+01	4.380696084013170122e+01
-1.476134204432892005e+01	1.751999931412131772e+01	4.977713559665722443e+01
-6.659315077175583575e+00	9.739281997053087281e+00	5.532707307549254949e+01
-3.291279564581808703e+00	9.946363556389966831e+00	6.151810644155901286e+01
-7.770145697156103815e+00	8.963830138308210849e+00	6.775171233381119862e+01
-5.990763789521451166e+00	1.368411938409458450e+01	7.528614918232318587e+01
-1.055612737778659493e+01	5.084930370107411335e+00	8.121939255315612627e+01
-1.025912515540774450e+01	1.028629812321933734e+01	8.519267478248099223e+01
-3.128133256761147152e+01	8.455171062138605365e+00	-3.587792968750002309e+00
-3.766180349945005190e+01	1.130913300579758385e+01	-3.295930262225524321e-01
-3.287730512490519885e+01	1.056441979235203021e+01	6.085214930660623800e+00
-3.802088732294007656e+01	9.653045433036274048e+00	1.400184415101505131e+01
-3.596937538049131433e+01	1.320778155890371686e+01	2.012866361155710493e+01
-3.718201857908879049e+01	7.197804086808856638e+00	2.604456676068805976e+01
-3.493943959146344014e+01	1.535366405748924024e+01	3.207210700508105816e+01
-3.614664139565765311e+01	6.906731944592774397e+00	3.792233346957108608e+01
-2.911274938545533075e+01	1.383973711975348131e+01	4.380696084013172253e+01
-3.119840977697297291e+01	9.756344853099694348e+00	4.977713559665723153e+01
-3.032457854864814806e+01	1.482166739217733920e+01	5.532707307549257791e+01
-2.538818278370803228e+01	8.052235733226657644e+00	6.151810644155906260e+01
-1.665993296909169530e+01	7.058951168398314380e+00	6.775171233381126967e+01
-1.200317407499107070e+01	7.664475790257145427e+00	7.528614918232321429e+01
-1.436337341421861247e+01	5.777974098941403014e+00	8.121939255315616890e+01
-5.569568294088798943e+00	1.242672273964440244e+00	8.519267478248102066e+01
-2.536615305511012153e+01	-4.736017056497870747e+00	-3.587792968749998312e+00
-1.751704147383116705e+01	-3.399373772610811084e+00	-3.295930262225578722e-01
-2.986549014124631185e+01	-2.823939110866001467e+00	6.085214930660627353e+00
-2.867690189738124573e+01	-1.279061186309503384e+00	1.400184415101503710e+01
-3.066992048582568131e+01	-8.582287213303343876e+00	2.012866361155708717e+01
-2.706954308351183514e+01	1.121439716701993827e+00	2.604456676068804555e+01
-2.208460100847382179e+01	-9.103504349714286903e+00	3.207210700508105106e+01
-2.281797980524893532e+01	-3.720914375520040007e+00	3.792233346957105766e+01
-2.822467152149021885e+01	-3.950280112467899896e-01	4.380696084013172253e+01
-2.828961432349399274e+01	-5.072964801434703297e+00	4.977713559665721021e+01
-2.280365039624159351e+01	-6.712884622804724088e+00	5.532707307549253528e+01
-2.445846162959552572e+01	-1.939616478155178569e+00	6.151810644155901286e+01
-2.342454291983948167e+01	3.060282837093905695e+00	6.775171233381122704e+01
-1.829694442220316120e+01	-7.492007615494072681e+00	7.528614918232312903e+01
-1.495550038473793819e+01	6.118550813025533941e-01	8.121939255315614048e+01
-1.722866786945264650e+01	9.095975846516672902e-01	8.519267478248097802e+01
-1.614324339253321838e+01	-6.825846126651269330e+00	-3.587792968750000089e+00
-1.530015930675542002e+01	-8.014893771020883406e+00	-3.295930262225542640e-01
-2.182579557142766902e+01	-8.014730839496534642e+00	6.085214930660623800e+00
-2.053156370605636383e+01	-8.895338874894070713e+00	1.400184415101504598e+01
-2.126492759125699195e+01	-7.997673177477122586e+00	2.012866361155709427e+01
-2.075492009704839447e+01	-7.767422054290229916e+00	2.604456676068804910e+01
-1.821947569443807424e+01	-7.188183475447874393e+00	3.207210700508105816e+01
-1.960475261906527322e+01	-6.290937800770918464e+00	3.792233346957106477e+01
-1.861703968195168457e+01	-9.169052085111388806e+00	4.380696084013172964e+01
-2.183216974118477083e+01	-8.629704793266146368e+00	4.977713559665721732e+01
-2.037193515819003764e+01	-8.654452650134293989e+00	5.532707307549257081e+01
-2.215237931037751551e+01	-8.325682278036032002e+00	6.151810644155902708e+01
-1.900064863714696628e+01	-7.968946442237263561e+00	6.775171233381125546e+01
-1.680354056284700803e+01	-5.301062235356292618e+00	7.528614918232315745e+01
-1.266642912705913915e+01	-5.239564857729549274e+00	8.121939255315616890e+01
-1.235736227703501022e+01	-4.252508504476016249e+00	8.519267478248100645e+01
