  -2.2024017e+01   2.7073301e+01   5.7957638e+01
  -2.1936008e+01   2.9593046e+01   5.8592419e+01
  -2.1605145e+01   2.4615881e+01   5.7767818e+01
  -2.1493324e+01   3.1682634e+01   5.9655022e+01
  -2.1214258e+01   2.6886038e+01   5.5785721e+01
  -2.1155235e+01   2.9061422e+01   5.5692425e+01
  -2.1082396e+01   2.4743254e+01   5.5873451e+01
  -2.1032993e+01   3.2217693e+01   5.8833336e+01
  -2.0889635e+01   3.3080082e+01   6.0959099e+01
  -2.0689625e+01   2.2567245e+01   5.7783226e+01
  -2.0660017e+01   2.3530436e+01   5.6125561e+01
  -2.0526815e+01   2.8742636e+01   5.4300564e+01
  -2.0447475e+01   3.0580421e+01   5.5264378e+01
  -2.0318933e+01   3.2349861e+01   5.7147995e+01
  -2.0317917e+01   3.3226532e+01   5.8626003e+01
  -2.0295033e+01   2.4630928e+01   5.4674561e+01
  -1.9982504e+01   2.6900530e+01   5.3463734e+01
  -1.9438105e+01   2.0955263e+01   5.7728897e+01
  -1.9247601e+01   2.9902382e+01   5.2867126e+01
  -1.9130199e+01   2.4568102e+01   5.3004436e+01
  -1.9013538e+01   3.4259998e+01   6.4105644e+01
  -1.8984274e+01   2.2052824e+01   5.5238636e+01
  -1.8925833e+01   3.4353573e+01   5.8255550e+01
  -1.8897121e+01   3.2878422e+01   5.4652519e+01
  -1.8858461e+01   3.4776508e+01   6.1261017e+01
  -1.8794794e+01   2.6874239e+01   5.1853481e+01
  -1.8603622e+01   3.1979269e+01   5.2793720e+01
  -1.8167770e+01   2.4778997e+01   5.1579731e+01
  -1.8124195e+01   3.1446102e+01   5.1803406e+01
  -1.8080992e+01   1.9657564e+01   5.7607811e+01
  -1.7883581e+01   2.2897375e+01   5.2547359e+01
  -1.7818012e+01   3.3156094e+01   5.2679737e+01
  -1.7804808e+01   2.9093586e+01   5.0837353e+01
  -1.7769119e+01   2.6217766e+01   5.0758450e+01
  -1.7633629e+01   3.5477333e+01   6.2671574e+01
  -1.7632938e+01   3.4390209e+01   5.4003895e+01
  -1.7603315e+01   3.5048481e+01   5.5759613e+01
  -1.7235434e+01   3.5842743e+01   6.0521263e+01
  -1.7220583e+01   3.4195980e+01   6.6045044e+01
  -1.7192690e+01   3.5323631e+01   6.4274612e+01
  -1.7128986e+01   2.1180063e+01   5.3547825e+01
  -1.6986746e+01   3.5308300e+01   5.4523983e+01
  -1.6890491e+01   3.6072952e+01   5.7968090e+01
  -1.6771025e+01   1.8631466e+01   5.7787914e+01
  -1.6770407e+01   2.6803045e+01   4.9682854e+01
  -1.6712175e+01   1.9808922e+01   5.5231354e+01
  -1.6673668e+01   2.3894852e+01   5.0679073e+01
  -1.6643764e+01   3.2573418e+01   5.0771397e+01
  -1.6468988e+01   3.4938480e+01   5.2985237e+01
  -1.6446402e+01   2.1779593e+01   5.2128490e+01
  -1.6347534e+01   2.9699186e+01   4.9270702e+01
  -1.5974522e+01   3.5532780e+01   6.5157898e+01
  -1.5939048e+01   3.6380138e+01   5.5665325e+01
  -1.5796034e+01   3.6859833e+01   5.7872028e+01
  -1.5700758e+01   2.5059906e+01   4.9056164e+01
  -1.5592083e+01   3.6877628e+01   5.9718533e+01
  -1.5441426e+01   1.7962072e+01   5.8719883e+01
  -1.5381443e+01   3.3863411e+01   4.9806873e+01
  -1.5341578e+01   1.9235262e+01   5.4529339e+01
  -1.5309071e+01   2.7359028e+01   4.8013153e+01
  -1.5228602e+01   1.8647285e+01   5.5902939e+01
  -1.5194467e+01   3.2402523e+01   4.8720470e+01
  -1.5152974e+01   3.0015253e+01   4.7838085e+01
  -1.5006166e+01   2.0040518e+01   5.3222004e+01
  -1.4961592e+01   3.6434994e+01   6.3027653e+01
  -1.4882345e+01   3.5337299e+01   5.0860676e+01
  -1.4845043e+01   2.1575943e+01   5.1119579e+01
  -1.4816602e+01   3.3467415e+01   6.7961494e+01
  -1.4790497e+01   3.5133438e+01   6.6351402e+01
  -1.4684983e+01   3.5872128e+01   6.5219574e+01
  -1.4670301e+01   2.3117996e+01   4.9360275e+01
  -1.4649623e+01   3.6703075e+01   5.3161198e+01
  -1.4621945e+01   3.7406212e+01   5.7940384e+01
  -1.4207248e+01   2.4839684e+01   4.7736065e+01
  -1.4165625e+01   3.4753246e+01   4.9018738e+01
  -1.4164483e+01   1.8860258e+01   5.4542496e+01
  -1.3914118e+01   3.1595818e+01   4.6833237e+01
  -1.3898963e+01   3.7623817e+01   5.5511147e+01
  -1.3898716e+01   1.7763105e+01   6.0499706e+01
  -1.3846098e+01   2.9085974e+01   4.6217831e+01
  -1.3699644e+01   3.7585136e+01   6.0319126e+01
  -1.3649756e+01   2.6657236e+01   4.6316196e+01
  -1.3404355e+01   3.3864597e+01   4.7414787e+01
  -1.3234233e+01   3.6312630e+01   4.9581047e+01
  -1.3194371e+01   3.7844452e+01   5.3458179e+01
  -1.3145843e+01   2.1428118e+01   4.9873722e+01
  -1.2895826e+01   3.4779751e+01   6.7197319e+01
  -1.2833778e+01   2.9339066e+01   4.4980759e+01
  -1.2758249e+01   1.8126604e+01   5.6160931e+01
  -1.2695010e+01   2.6351980e+01   4.5359528e+01
  -1.2605664e+01   3.7520885e+01   5.1328197e+01
  -1.2515380e+01   2.2745186e+01   4.7846451e+01
  -1.2445962e+01   3.5820808e+01   6.5479927e+01
  -1.2444415e+01   3.3031914e+01   4.5773300e+01
  -1.2440682e+01   2.7930357e+01   4.4772804e+01
  -1.2407904e+01   1.8875294e+01   5.3863907e+01
  -1.2404099e+01   3.8170525e+01   5.8188663e+01
  -1.2397328e+01   3.0890583e+01   4.4912128e+01
  -1.2355956e+01   2.4880733e+01   4.5924366e+01
  -1.2328660e+01   3.1905611e+01   6.9419121e+01
  -1.2327056e+01   1.9981144e+01   5.1621986e+01
  -1.2294629e+01   1.7667223e+01   5.8806015e+01
  -1.2276567e+01   2.9443056e+01   4.4438763e+01
  -1.2161894e+01   1.8067240e+01   6.2726578e+01
  -1.2089975e+01   3.7599445e+01   6.1781696e+01
  -1.2086530e+01   3.8058414e+01   6.0272705e+01
  -1.2054292e+01   3.3821163e+01   6.8242256e+01
  -1.2035197e+01   3.8351452e+01   5.3023987e+01
  -1.1963171e+01   3.6089874e+01   4.7712135e+01
  -1.1961807e+01   1.7653091e+01   6.0527687e+01
  -1.1910978e+01   2.0597271e+01   5.0130474e+01
  -1.1836425e+01   3.4685871e+01   4.6177185e+01
  -1.1814768e+01   3.7298283e+01   4.9216885e+01
  -1.1811999e+01   2.6192909e+01   4.4663548e+01
  -1.1792125e+01   3.6852020e+01   6.3545494e+01
  -1.1737823e+01   2.1201372e+01   4.9065491e+01
  -1.1731560e+01   3.8536415e+01   5.5107410e+01
  -1.1601148e+01   3.2593346e+01   4.4638985e+01
  -1.1251336e+01   2.9531727e+01   4.3690990e+01
  -1.0957994e+01   3.3917091e+01   4.4704052e+01
  -1.0740726e+01   2.5040573e+01   4.4427593e+01
  -1.0680052e+01   3.7578987e+01   4.8207363e+01
  -1.0618732e+01   1.8784256e+01   6.4831772e+01
  -1.0605710e+01   3.4462975e+01   6.7201759e+01
  -1.0589121e+01   1.8888029e+01   5.3021717e+01
  -1.0529104e+01   2.1491804e+01   4.7703880e+01
  -1.0518246e+01   3.3161533e+01   6.8627441e+01
  -1.0480764e+01   3.2041363e+01   4.3463833e+01
  -1.0452926e+01   2.9604357e+01   7.0138779e+01
  -1.0427276e+01   2.7024160e+01   4.3367928e+01
  -1.0323948e+01   1.7821226e+01   5.7602886e+01
  -1.0301594e+01   1.9315636e+01   5.1808968e+01
  -1.0204396e+01   3.8710140e+01   5.7506947e+01
  -1.0201696e+01   3.1985033e+01   6.9293510e+01
  -1.0169736e+01   3.5368908e+01   6.5857643e+01
  -1.0060813e+01   2.2969955e+01   4.5588032e+01
  -9.9412127e+00   3.8250111e+01   6.0109337e+01
  -9.9242039e+00   2.0154833e+01   4.9813148e+01
  -9.8801632e+00   3.8411556e+01   4.9537102e+01
  -9.8756256e+00   3.5856983e+01   4.5152187e+01
  -9.8103981e+00   1.8264372e+01   5.5190315e+01
  -9.7383442e+00   3.7363392e+01   6.2416744e+01
  -9.6991081e+00   3.9031750e+01   5.2828400e+01
  -9.6930113e+00   1.9764284e+01   6.6506805e+01
  -9.6364222e+00   3.7411346e+01   4.6868671e+01
  -9.5954924e+00   1.7948627e+01   6.0348831e+01
  -9.5334187e+00   2.6952223e+01   7.0142181e+01
  -9.4716740e+00   3.6013969e+01   6.4452888e+01
  -9.4618244e+00   3.8140385e+01   4.7919930e+01
  -9.4279375e+00   2.9553888e+01   4.2221951e+01
  -9.3970194e+00   2.0945972e+01   6.7785599e+01
  -9.3840179e+00   3.9071030e+01   5.5718655e+01
  -9.3628664e+00   2.2448566e+01   6.8812675e+01
  -9.3559561e+00   2.0859465e+01   4.7804996e+01
  -9.3356323e+00   2.4454868e+01   6.9632164e+01
  -9.1780930e+00   1.8475965e+01   6.2880154e+01
  -9.1752882e+00   3.4344734e+01   4.3192638e+01
  -9.1652946e+00   2.1458403e+01   4.6691078e+01
  -8.9267330e+00   3.2446205e+01   6.8229599e+01
  -8.8419104e+00   2.4489618e+01   4.3271503e+01
  -8.4763107e+00   3.2398632e+01   4.1678970e+01
  -8.4101439e+00   3.4214600e+01   6.6209908e+01
  -8.3542633e+00   1.8827099e+01   5.2668808e+01
  -8.3298225e+00   2.6565027e+01   4.1697941e+01
  -8.1734638e+00   2.1711929e+01   4.5667271e+01
  -8.1100922e+00   3.7772610e+01   6.1337448e+01
  -7.9966660e+00   3.4436184e+01   4.1991177e+01
  -7.9409261e+00   2.2626312e+01   4.4284702e+01
  -7.9084101e+00   3.7444077e+01   4.5099251e+01
  -7.8917966e+00   1.8144379e+01   5.8076160e+01
  -7.8005314e+00   3.8258793e+01   6.0192955e+01
  -7.7791452e+00   1.9303911e+01   6.3944183e+01
  -7.7665915e+00   2.3705486e+01   6.8386284e+01
  -7.7445307e+00   2.4668291e+01   4.2058083e+01
  -7.6775198e+00   2.0612804e+01   4.7443729e+01
  -7.6122379e+00   2.0332369e+01   6.5400345e+01
  -7.5908184e+00   2.9240709e+01   4.0480801e+01
  -7.5381751e+00   3.0574381e+01   6.8422844e+01
  -7.5208631e+00   3.9450237e+01   5.4978008e+01
  -7.4878573e+00   2.2067846e+01   6.7095978e+01
  -7.4320912e+00   1.8291111e+01   6.0117329e+01
  -7.2353172e+00   3.1767183e+01   4.0183411e+01
  -7.1642828e+00   1.8430136e+01   5.5532124e+01
  -7.1505566e+00   3.8764843e+01   4.7319672e+01
  -7.1462831e+00   2.7081079e+01   6.9031136e+01
  -7.1343842e+00   3.3794159e+01   4.0793102e+01
  -7.1068597e+00   2.4909431e+01   4.1278660e+01
  -7.0934763e+00   3.8716629e+01   5.8061977e+01
  -7.0736265e+00   3.6450184e+01   6.2714321e+01
  -6.9747353e+00   2.6406958e+01   4.0413914e+01
  -6.9033308e+00   3.3452587e+01   6.5922523e+01
  -6.8848534e+00   2.8490026e+01   6.8627357e+01
  -6.8578391e+00   3.6088398e+01   4.2327465e+01
  -6.8140893e+00   3.9682365e+01   5.0495861e+01
  -6.7953887e+00   2.5756857e+01   6.8383728e+01
  -6.7774019e+00   3.2077446e+01   6.6927673e+01
  -6.7603273e+00   1.9112968e+01   6.1873707e+01
  -6.7430124e+00   3.4456509e+01   6.4719086e+01
  -6.6375751e+00   3.8261082e+01   4.5194611e+01
  -6.5726976e+00   1.9411781e+01   5.0141132e+01
  -6.5713072e+00   2.3148252e+01   4.2537609e+01
  -6.5179863e+00   3.0168737e+01   3.9262691e+01
  -6.4017768e+00   3.7757332e+01   4.3989014e+01
  -6.3759117e+00   3.7620621e+01   6.0695145e+01
  -6.3650374e+00   1.8682215e+01   5.9754955e+01
  -6.3255258e+00   3.9880959e+01   5.2986340e+01
  -6.2807350e+00   1.8773148e+01   5.2182030e+01
  -6.2562175e+00   2.7190554e+01   6.8421967e+01
  -6.2256064e+00   2.4089098e+01   6.7352798e+01
  -6.1848068e+00   3.2177807e+01   3.9216415e+01
  -6.1824589e+00   1.8611935e+01   5.3810871e+01
  -6.1430025e+00   2.1326387e+01   4.5040371e+01
  -6.0217876e+00   3.0149147e+01   6.7519150e+01
  -5.9693065e+00   2.0481779e+01   6.3977081e+01
  -5.9078584e+00   3.2733215e+01   6.5667137e+01
  -5.9062777e+00   2.7416780e+01   3.9073860e+01
  -5.7814236e+00   1.8838348e+01   5.7920815e+01
  -5.6750154e+00   2.4414869e+01   4.0377972e+01
  -5.5703139e+00   3.4230862e+01   3.9541283e+01
  -5.5284400e+00   2.1967442e+01   6.5241386e+01
  -5.4203711e+00   2.3441113e+01   6.6258804e+01
  -5.4203539e+00   2.9843485e+01   3.8163322e+01
  -5.3421493e+00   3.7783001e+01   4.2974014e+01
  -5.2483039e+00   1.8713198e+01   5.2856789e+01
  -5.2165189e+00   1.8876873e+01   5.5822277e+01
  -5.0992098e+00   2.9092945e+01   6.7087784e+01
  -5.0458026e+00   4.0248077e+01   5.0372272e+01
  -5.0167217e+00   3.4650383e+01   6.3359203e+01
  -4.9884863e+00   2.7423088e+01   6.7131241e+01
  -4.9152679e+00   1.9773233e+01   6.0251141e+01
  -4.9008904e+00   2.1481863e+01   6.4076813e+01
  -4.8509564e+00   3.2094860e+01   3.7940166e+01
  -4.8087564e+00   3.0847706e+01   6.5952873e+01
  -4.7935133e+00   2.2498373e+01   4.1532272e+01
  -4.7208519e+00   4.0046082e+01   4.9303177e+01
  -4.6471343e+00   3.9489899e+01   5.5068321e+01
  -4.6448836e+00   2.7581747e+01   3.7642620e+01
  -4.5748210e+00   4.0246716e+01   5.1445984e+01
  -4.5739784e+00   1.9021357e+01   5.1447933e+01
  -4.5637274e+00   2.1133636e+01   6.2693455e+01
  -4.5601096e+00   3.2805634e+01   6.4429367e+01
  -4.5036888e+00   3.8855492e+01   4.4623856e+01
  -4.4895067e+00   1.9350449e+01   4.9742554e+01
  -4.4143624e+00   4.0083218e+01   5.3027676e+01
  -4.3629546e+00   1.9971445e+01   4.7387577e+01
  -4.3623676e+00   2.3392239e+01   6.5038979e+01
  -4.3420067e+00   3.5997845e+01   6.1565285e+01
  -4.3258486e+00   2.5177580e+01   6.5831802e+01
  -4.3141832e+00   4.0366486e+01   5.0370026e+01
  -4.3116164e+00   2.2344696e+01   6.4120720e+01
  -4.3110733e+00   3.7560768e+01   5.9550499e+01
  -4.2497568e+00   1.8999252e+01   5.4141544e+01
  -4.2277136e+00   1.8903164e+01   5.2752399e+01
  -4.2194381e+00   3.7501137e+01   4.1506580e+01
  -4.1966166e+00   2.1337112e+01   4.3199371e+01
  -4.1910257e+00   2.0598757e+01   4.5100014e+01
  -4.1284008e+00   2.4979797e+01   3.8394829e+01
  -4.1113887e+00   3.3906624e+01   3.7973972e+01
  -4.1021628e+00   3.8303692e+01   4.2716934e+01
  -4.0699220e+00   2.9562731e+01   3.6861088e+01
  -4.0387011e+00   3.3581814e+01   6.3567879e+01
  -3.8992610e+00   3.9795006e+01   4.7347080e+01
  -3.8945494e+00   2.2802950e+01   4.0158195e+01
  -3.8305244e+00   1.9350275e+01   5.5849918e+01
  -3.7940493e+00   3.5970676e+01   3.9265579e+01
  -3.6534278e+00   3.8479477e+01   5.7606968e+01
  -3.6210890e+00   2.8916637e+01   6.5601395e+01
  -3.5675399e+00   1.9999950e+01   5.7905682e+01
  -3.5139279e+00   2.1666582e+01   4.1502533e+01
  -3.4127440e+00   3.4095299e+01   6.2649376e+01
  -3.3629684e+00   2.6809399e+01   3.6593460e+01
  -3.3285527e+00   3.2053448e+01   3.6556587e+01
  -3.2916954e+00   4.0309048e+01   5.0449745e+01
  -3.1803606e+00   2.1512079e+01   6.0792923e+01
  -3.1795127e+00   3.2755157e+01   6.3372334e+01
  -3.1149745e+00   2.3417452e+01   6.3186558e+01
  -3.0193980e+00   2.7240643e+01   6.5049515e+01
  -2.7631681e+00   4.0263348e+01   4.8985886e+01
  -2.7477520e+00   3.7462864e+01   4.0087822e+01
  -2.6492872e+00   3.4360252e+01   3.6958237e+01
  -2.6169510e+00   3.7627834e+01   5.8653000e+01
  -2.5636477e+00   2.1692492e+01   4.0446190e+01
  -2.4922407e+00   2.2805838e+01   3.8717476e+01
  -2.4825206e+00   2.4451618e+01   3.6888004e+01
  -2.4062126e+00   3.4699081e+01   6.1377975e+01
  -2.3921883e+00   3.0729179e+01   6.3645973e+01
  -2.3462644e+00   2.9207745e+01   3.5255104e+01
  -2.3215480e+00   3.6913338e+01   3.8877045e+01
  -2.2578771e+00   1.9445814e+01   4.9482029e+01
  -2.2571397e+00   1.9455261e+01   5.2423519e+01
  -2.2381375e+00   3.9544422e+01   4.4315449e+01
  -2.2223780e+00   3.9863132e+01   5.2437363e+01
  -2.1370513e+00   4.0245880e+01   4.7795753e+01
  -2.1340537e+00   3.8105846e+01   5.7623310e+01
  -2.1117787e+00   3.6233257e+01   5.9786938e+01
  -2.1026573e+00   2.0174513e+01   4.4555611e+01
  -2.0832593e+00   2.0870478e+01   4.1934605e+01
  -2.0246072e+00   4.0003262e+01   4.6131317e+01
  -1.9916949e+00   2.5976521e+01   3.5391769e+01
  -1.9909825e+00   3.8750469e+01   4.2033581e+01
  -1.9871857e+00   2.0698641e+01   5.7569164e+01
  -1.9860786e+00   2.8441051e+01   6.3967339e+01
  -1.8759682e+00   2.3099895e+01   6.1188099e+01
  -1.8727793e+00   2.7306412e+01   6.3831421e+01
  -1.8269154e+00   2.5776991e+01   6.3166130e+01
  -1.7242808e+00   4.0245228e+01   5.0179523e+01
  -1.6892672e+00   2.0212845e+01   5.5531883e+01
  -1.6710494e+00   2.4237551e+01   6.2064381e+01
  -1.6124369e+00   2.4335173e+01   3.5886463e+01
  -1.5887634e+00   3.2842060e+01   6.1910503e+01
  -1.5615462e+00   2.1926622e+01   5.9128677e+01
  -1.4536128e+00   3.2777477e+01   3.5111172e+01
  -1.4483415e+00   3.4698685e+01   3.6112385e+01
  -1.4388968e+00   3.6184654e+01   3.7391460e+01
  -1.4200246e+00   1.9647116e+01   4.6886616e+01
  -1.3349979e+00   3.8590599e+01   5.5735264e+01
  -1.3068992e+00   3.7635498e+01   3.9141705e+01
  -1.1410396e+00   4.0319084e+01   4.8829956e+01
  -1.1277781e+00   3.7356644e+01   5.7847725e+01
  -1.0111295e+00   4.0353905e+01   4.7555988e+01
  -8.6706394e-01   2.2828804e+01   3.6765312e+01
  -8.6216211e-01   2.7443460e+01   6.2688347e+01
  -8.0903721e-01   2.4609472e+01   3.4842445e+01
  -7.9555273e-01   2.1240885e+01   3.9539940e+01
  -7.8217351e-01   2.7175915e+01   3.3711025e+01
  -7.6547539e-01   2.1409634e+01   5.7361423e+01
  -7.6383603e-01   3.4359760e+01   6.0300632e+01
  -7.2799176e-01   3.0460629e+01   3.3664917e+01
  -4.5133451e-01   2.8986563e+01   6.2244865e+01
  -4.1491580e-01   4.0042309e+01   4.4512875e+01
  -3.9972943e-01   3.2325405e+01   3.3768200e+01
  -3.9689553e-01   2.4415855e+01   6.0561398e+01
  -1.7602035e-01   2.6276276e+01   6.1517807e+01
  -1.4654830e-01   3.5243362e+01   3.5540874e+01
  -7.3475108e-02   4.0345943e+01   4.6621655e+01
  -1.6153736e-02   3.7357086e+01   3.7656437e+01
   1.6167223e-02   3.3600147e+01   3.4108723e+01
   3.0350935e-02   4.0322433e+01   4.8170013e+01
   9.2157260e-02   3.6613663e+01   3.6595978e+01
   1.0965146e-01   3.2911934e+01   6.0432243e+01
   2.3260468e-01   2.4986553e+01   3.3356705e+01
   3.1284520e-01   3.9910728e+01   5.0098080e+01
   3.5350871e-01   2.8997269e+01   3.2347855e+01
   3.7457001e-01   2.2037447e+01   3.6196152e+01
   4.0000501e-01   3.5742310e+01   5.8218315e+01
   4.4140381e-01   2.0941441e+01   5.4859371e+01
   5.5271071e-01   2.6496510e+01   3.2351608e+01
   5.6285477e-01   3.8485538e+01   3.9432911e+01
   5.9069389e-01   2.0003506e+01   4.1775513e+01
   5.9549391e-01   2.3001337e+01   3.4682648e+01
   6.0111904e-01   2.1258505e+01   3.7430168e+01
   6.0174853e-01   3.0899288e+01   6.0700043e+01
   6.5484184e-01   3.7427994e+01   5.6252384e+01
   6.7098188e-01   3.4005447e+01   5.9343964e+01
   6.8468124e-01   3.8260036e+01   5.5042278e+01
   7.1681845e-01   2.7650553e+01   6.0944866e+01
   7.3595524e-01   2.9038126e+01   6.1022251e+01
   7.3877764e-01   1.9547518e+01   4.7442856e+01
   7.5787079e-01   1.9856516e+01   5.0041561e+01
   7.7980167e-01   2.3280382e+01   5.8104378e+01
   8.1852508e-01   1.9572565e+01   4.4823452e+01
   9.2067838e-01   2.6043900e+01   6.0161266e+01
   9.4320059e-01   2.1904583e+01   5.5995750e+01
   9.4618291e-01   3.2309780e+01   3.2659916e+01
   9.4666910e-01   4.0396923e+01   4.5605038e+01
   1.0382658e+00   4.0318108e+01   4.4374699e+01
   1.1108507e+00   2.0658356e+01   5.2965961e+01
   1.1874019e+00   2.0338264e+01   3.9087883e+01
   1.2136101e+00   3.8807091e+01   5.3114971e+01
   1.2420413e+00   3.9772007e+01   4.2489979e+01
   1.2492170e+00   2.1545774e+01   3.5868176e+01
   1.2606285e+00   3.2874237e+01   5.9415417e+01
   1.3535513e+00   2.5059761e+01   5.9091129e+01
   1.4061419e+00   3.0045378e+01   3.1394442e+01
   1.4102988e+00   3.5014000e+01   3.4067741e+01
   1.5327824e+00   2.7516378e+01   3.1222691e+01
   1.5838554e+00   2.8890730e+01   6.0039330e+01
   1.6568493e+00   4.0135357e+01   4.7496243e+01
   1.6724573e+00   2.1488548e+01   5.4480247e+01
   1.7818313e+00   3.7824715e+01   5.4765667e+01
   1.8480805e+00   3.7297924e+01   3.6399918e+01
   1.9654723e+00   3.4275349e+01   5.7952400e+01
   1.9962345e+00   2.4086412e+01   3.2024067e+01
   2.2050455e+00   3.1652452e+01   3.1137793e+01
   2.2996814e+00   2.1656488e+01   3.4251930e+01
   2.3326063e+00   4.0274666e+01   4.4911201e+01
   2.3457468e+00   2.7168285e+01   5.8875664e+01
   2.3814561e+00   2.5098116e+01   5.7927952e+01
   2.4367349e+00   2.0375767e+01   3.6817829e+01
   2.4567034e+00   3.4540054e+01   3.2686363e+01
   2.4855087e+00   3.2376434e+01   5.8386745e+01
   2.6303730e+00   3.3338192e+01   3.1633936e+01
   2.7127717e+00   2.1683594e+01   5.3554749e+01
   2.7146351e+00   3.0006804e+01   5.8660275e+01
   2.7715232e+00   3.7882088e+01   5.3732361e+01
   2.7816770e+00   2.9422838e+01   3.0064880e+01
   2.9438672e+00   1.9546524e+01   3.9512760e+01
   2.9864151e+00   1.9463228e+01   4.5349537e+01
   2.9885371e+00   3.6233032e+01   5.5407734e+01
   3.0396771e+00   2.6048691e+01   2.9900978e+01
   3.0817523e+00   3.8401814e+01   5.2467644e+01
   3.0836859e+00   2.4359264e+01   5.6381641e+01
   3.2300212e+00   2.2690317e+01   5.4522686e+01
   3.3133926e+00   2.2637007e+01   3.1163288e+01
   3.4207325e+00   1.9862350e+01   4.7445122e+01
   3.4377792e+00   3.3933823e+01   5.6738667e+01
   3.5217249e+00   3.6386673e+01   3.3727997e+01
   3.5355859e+00   2.1590052e+01   3.2229393e+01
   3.5526037e+00   2.6450565e+01   5.7255302e+01
   3.6039355e+00   3.9143070e+01   3.9469650e+01
   3.6060312e+00   2.3481853e+01   3.0165377e+01
   3.6576471e+00   2.1630373e+01   5.2279011e+01
   3.6997840e+00   3.8920921e+01   5.0119518e+01
   3.7005017e+00   3.9987106e+01   4.2956562e+01
   3.7432332e+00   2.2209324e+01   5.3312920e+01
   3.7992678e+00   3.8386238e+01   3.6882580e+01
   3.8371418e+00   2.0756626e+01   5.0025772e+01
   3.9080727e+00   4.0124836e+01   4.4754890e+01
   3.9229338e+00   1.9249268e+01   4.2329517e+01
   3.9611647e+00   3.2479557e+01   3.0133242e+01
   3.9892237e+00   3.9787365e+01   4.6605671e+01
   4.0175877e+00   3.4856773e+01   3.1761871e+01
   4.0185504e+00   3.7806164e+01   3.5448399e+01
   4.0217500e+00   2.8822571e+01   5.7250698e+01
   4.1043367e+00   3.0188334e+01   2.8907145e+01
   4.1438284e+00   3.7632824e+01   5.2635071e+01
   4.1980648e+00   3.1766745e+01   5.6821842e+01
   4.2098508e+00   1.9990475e+01   3.4359898e+01
   4.3034539e+00   2.1757326e+01   3.0628984e+01
   4.5432091e+00   2.7496347e+01   2.7955135e+01
   4.6082549e+00   1.9191454e+01   3.7304356e+01
   4.7149463e+00   2.4313528e+01   2.8364368e+01
   4.7351661e+00   2.2422623e+01   2.9379221e+01
   4.8004584e+00   1.8964785e+01   3.9667786e+01
   4.9314828e+00   2.4715780e+01   5.4614849e+01
   4.9393048e+00   2.7272036e+01   5.5868382e+01
   4.9427047e+00   3.1405945e+01   2.8587103e+01
   5.0647192e+00   3.4010098e+01   5.5097042e+01
   5.1110215e+00   2.3020033e+01   5.2841511e+01
   5.1356826e+00   3.0049212e+01   5.6125000e+01
   5.1492310e+00   2.1834658e+01   5.1051910e+01
   5.3145099e+00   2.9693224e+01   2.7550211e+01
   5.3712826e+00   2.0065954e+01   3.1592144e+01
   5.3713617e+00   3.7641392e+01   3.4265148e+01
   5.4522414e+00   2.1023155e+01   2.9763586e+01
   5.5089607e+00   3.1825684e+01   5.5539898e+01
   5.5734072e+00   1.8929855e+01   3.5426678e+01
   5.5874319e+00   2.6843908e+01   2.6523500e+01
   5.6032147e+00   3.9636822e+01   4.1703472e+01
   5.8260107e+00   3.8352062e+01   4.9554829e+01
   5.8444805e+00   1.9624411e+01   4.4624481e+01
   5.8490996e+00   3.9586067e+01   4.4412968e+01
   5.8614326e+00   2.1953291e+01   2.8282505e+01
   5.8772135e+00   3.5982677e+01   5.2856514e+01
   5.8907738e+00   3.7608875e+01   5.0804676e+01
   6.0014758e+00   2.4643993e+01   5.3526863e+01
   6.0088325e+00   3.4806030e+01   3.0389698e+01
   6.0140681e+00   2.5491028e+01   2.6218643e+01
   6.0432935e+00   3.1184490e+01   2.7510456e+01
   6.0558982e+00   3.6575077e+01   3.2382610e+01
   6.0835433e+00   3.8631233e+01   3.6757992e+01
   6.1019192e+00   2.3389818e+01   2.6882208e+01
   6.1160564e+00   2.9779781e+01   5.5027626e+01
   6.1299224e+00   1.8707375e+01   3.8731991e+01
   6.1608734e+00   2.0519180e+01   4.7261307e+01
   6.1616750e+00   2.6636093e+01   2.5859478e+01
   6.2025003e+00   1.8856789e+01   3.3672207e+01
   6.2251091e+00   3.2946507e+01   2.8521126e+01
   6.2891736e+00   2.7853584e+01   2.6021729e+01
   6.3977523e+00   3.9299294e+01   3.9742512e+01
   6.4000478e+00   2.1575130e+01   4.9351227e+01
   6.4447107e+00   3.2227600e+01   5.4420151e+01
   6.4626131e+00   1.8802547e+01   4.0583767e+01
   6.4680004e+00   2.2643661e+01   5.1000839e+01
   6.4717216e+00   2.6747551e+01   5.4047832e+01
   6.5491366e+00   3.8662510e+01   4.7609753e+01
   6.5617151e+00   3.8136177e+01   3.4731804e+01
   6.5693469e+00   3.4119167e+01   5.3599182e+01
   6.6257696e+00   1.8573603e+01   3.7077496e+01
   6.7118626e+00   1.9106979e+01   4.2340942e+01
   6.8908176e+00   3.7694054e+01   3.3683838e+01
   7.0041575e+00   3.7796364e+01   4.9309814e+01
   7.0046678e+00   1.8376980e+01   3.5338036e+01
   7.0444727e+00   2.9857269e+01   2.6031574e+01
   7.0610442e+00   2.4425911e+01   5.2214104e+01
   7.0783763e+00   2.3684639e+01   2.5397476e+01
   7.1584868e+00   1.9535095e+01   2.9288555e+01
   7.1949964e+00   1.8600309e+01   3.1879950e+01
   7.2779708e+00   2.6491352e+01   2.4731674e+01
   7.3829317e+00   2.9703186e+01   5.3645103e+01
   7.4812322e+00   2.1376926e+01   2.6269686e+01
   7.4861245e+00   3.1730534e+01   2.6666975e+01
   7.6887579e+00   3.2370499e+01   5.3048084e+01
   7.7282658e+00   2.4914730e+01   2.4213356e+01
   7.7556181e+00   3.4503738e+01   5.2114590e+01
   7.8729267e+00   3.4781502e+01   2.9011795e+01
   8.0227365e+00   2.6906103e+01   5.2568363e+01
   8.0733700e+00   3.7612518e+01   4.8387459e+01
   8.1871796e+00   3.9014622e+01   3.9066223e+01
   8.1975031e+00   2.1413376e+01   4.7535275e+01
   8.3626928e+00   2.2925030e+01   4.9560658e+01
   8.3736572e+00   1.9538944e+01   4.3171059e+01
   8.4341812e+00   3.3427750e+01   2.7306980e+01
   8.4671726e+00   1.8547384e+01   3.9168377e+01
   8.4989681e+00   3.6151081e+01   4.9848282e+01
   8.5123367e+00   1.8955608e+01   2.7059822e+01
   8.5246239e+00   2.4921894e+01   5.1256947e+01
   8.5492401e+00   3.9004845e+01   4.1895351e+01
   8.5523987e+00   3.8208302e+01   3.5093002e+01
   8.6184788e+00   2.2919651e+01   2.3635029e+01
   8.6649828e+00   1.9740017e+01   2.5444956e+01
   8.6829796e+00   3.7460556e+01   3.2975975e+01
   8.6998768e+00   2.0866611e+01   2.4443756e+01
   8.7185841e+00   3.8481247e+01   4.5034981e+01
   8.7596188e+00   1.7695463e+01   3.4040840e+01
   8.7648926e+00   3.6316242e+01   3.0825106e+01
   8.7813988e+00   3.2714344e+01   5.1848846e+01
   8.7831011e+00   1.9054083e+01   4.1436447e+01
   8.7857418e+00   3.0564959e+01   2.4953482e+01
   8.7900095e+00   1.8087963e+01   3.6789192e+01
   8.8170643e+00   2.4646093e+01   2.2950377e+01
   8.8659782e+00   2.5913418e+01   2.2962234e+01
   8.9104567e+00   1.7836205e+01   2.8746113e+01
   8.9711161e+00   2.0487314e+01   4.5131214e+01
   8.9763260e+00   3.7737770e+01   4.6995365e+01
   8.9848623e+00   2.8261387e+01   2.3619781e+01
   9.0178642e+00   1.7469566e+01   3.1016956e+01
   9.0793142e+00   3.8662968e+01   3.7419014e+01
   9.0833941e+00   2.9660770e+01   5.1906673e+01
   9.0860510e+00   3.7107201e+01   4.8101009e+01
   9.0979300e+00   3.4107758e+01   5.0944626e+01
   9.1380320e+00   3.2181198e+01   2.5812672e+01
   9.1770716e+00   3.5624138e+01   2.9317743e+01
   9.2290678e+00   1.8649525e+01   2.5787453e+01
   9.2309961e+00   2.6538530e+01   5.1339844e+01
   9.3091679e+00   2.1145954e+01   2.3306129e+01
   9.3229008e+00   2.2053995e+01   4.7712605e+01
   9.6813650e+00   2.1513353e+01   4.6561108e+01
   9.7460546e+00   3.4878803e+01   2.8129488e+01
   9.8149261e+00   2.4718517e+01   4.9856277e+01
   1.0013561e+01   1.9011644e+01   2.3774740e+01
   1.0015219e+01   1.6781298e+01   2.9413204e+01
   1.0027023e+01   3.0078045e+01   2.3661158e+01
   1.0056108e+01   2.4568724e+01   2.1624636e+01
   1.0099392e+01   3.4064129e+01   4.9892384e+01
   1.0127122e+01   3.1945066e+01   5.0672935e+01
   1.0193080e+01   1.7174475e+01   2.6945831e+01
   1.0231206e+01   2.6545761e+01   2.1697811e+01
   1.0320785e+01   2.1619339e+01   2.1642115e+01
   1.0372714e+01   3.1474440e+01   2.4434782e+01
   1.0415745e+01   2.9682858e+01   5.0696865e+01
   1.0466848e+01   3.7421543e+01   4.5629173e+01
   1.0507960e+01   3.6389412e+01   4.7269394e+01
   1.0542293e+01   2.7337887e+01   5.0235622e+01
   1.0585294e+01   1.9753960e+01   2.1768621e+01
   1.0626811e+01   1.6342745e+01   3.0815609e+01
   1.0626867e+01   2.1293823e+01   4.5510651e+01
   1.0662431e+01   3.8544701e+01   3.9718540e+01
   1.0831375e+01   1.6932421e+01   3.4494724e+01
   1.0867454e+01   2.0729139e+01   4.4439598e+01
   1.0872776e+01   3.8392757e+01   4.1682846e+01
   1.0892045e+01   2.2829044e+01   4.7242813e+01
   1.0976392e+01   3.0715771e+01   2.3379162e+01
   1.1026989e+01   1.6456211e+01   3.2647705e+01
   1.1057217e+01   3.4442661e+01   4.8483009e+01
   1.1067615e+01   3.7317822e+01   3.2412079e+01
   1.1073024e+01   3.6078506e+01   2.9752300e+01
   1.1086118e+01   3.6803467e+01   3.1171776e+01
   1.1095078e+01   1.7441309e+01   3.6121433e+01
   1.1109096e+01   2.9676979e+01   2.2575417e+01
   1.1154788e+01   2.0105494e+01   4.2950844e+01
   1.1162836e+01   2.0033911e+01   2.0581545e+01
   1.1175677e+01   3.3532310e+01   2.6059633e+01
   1.1226097e+01   3.2584167e+01   4.9334641e+01
   1.1228535e+01   1.9026012e+01   4.0682270e+01
   1.1234484e+01   2.5075405e+01   4.8745419e+01
   1.1234710e+01   3.7870861e+01   3.4327713e+01
   1.1262279e+01   1.8443079e+01   2.1376225e+01
   1.1357105e+01   2.7968964e+01   2.1263750e+01
   1.1445810e+01   1.6946259e+01   2.2707220e+01
   1.1469606e+01   3.7557442e+01   4.3429260e+01
   1.1504842e+01   1.8221018e+01   3.8628315e+01
   1.1532741e+01   2.9874287e+01   4.9473167e+01
   1.1619678e+01   2.1420399e+01   1.9697529e+01
   1.1677127e+01   1.5763803e+01   2.9345383e+01
   1.1698188e+01   2.6158472e+01   2.0178537e+01
   1.1740763e+01   1.5947174e+01   2.4625425e+01
   1.1751452e+01   1.5833688e+01   3.1195036e+01
   1.1803085e+01   2.3860823e+01   1.9605228e+01
   1.1878508e+01   3.8126495e+01   3.6945801e+01
   1.1937319e+01   3.5197849e+01   2.8014824e+01
   1.2027308e+01   2.1482569e+01   4.4690578e+01
   1.2121598e+01   2.6950817e+01   4.8626900e+01
   1.2126028e+01   3.6246250e+01   4.5417774e+01
   1.2181544e+01   3.7856300e+01   4.1316956e+01
   1.2278968e+01   1.5189560e+01   2.6878660e+01
   1.2441249e+01   1.5315637e+01   2.2866081e+01
   1.2509467e+01   1.8999559e+01   1.8864588e+01
   1.2576147e+01   3.1754593e+01   2.3352579e+01
   1.2642771e+01   3.1777369e+01   4.7922958e+01
   1.2648365e+01   3.4502758e+01   4.6583000e+01
   1.2650496e+01   1.6067184e+01   2.0750692e+01
   1.2680456e+01   2.4786240e+01   4.7243637e+01
   1.2744927e+01   2.2372004e+01   1.8276764e+01
   1.2817287e+01   1.6454172e+01   3.4579800e+01
   1.2874182e+01   2.8899124e+01   4.8137714e+01
   1.2898848e+01   2.9646883e+01   2.1194477e+01
   1.2974320e+01   3.7563950e+01   3.3601295e+01
   1.3018748e+01   1.6642765e+01   1.8891037e+01
   1.3025504e+01   2.4247879e+01   1.8243990e+01
   1.3074599e+01   1.8850843e+01   4.0076221e+01
   1.3093164e+01   1.4340360e+01   2.3797388e+01
   1.3110811e+01   3.7645920e+01   3.9536880e+01
   1.3154848e+01   2.7883774e+01   1.9706324e+01
   1.3228587e+01   3.5248970e+01   4.5400387e+01
   1.3427769e+01   1.4242168e+01   2.6851526e+01
   1.3463880e+01   1.4530241e+01   2.8369751e+01
   1.3468246e+01   2.6005066e+01   1.8518936e+01
   1.3481726e+01   1.8376369e+01   3.9125706e+01
   1.3526611e+01   2.6890308e+01   4.7264736e+01
   1.3533308e+01   3.6850372e+01   3.2043007e+01
   1.3613340e+01   1.6669559e+01   1.7442503e+01
   1.3643424e+01   1.5110852e+01   1.8741533e+01
   1.3679749e+01   1.8491407e+01   1.6667229e+01
   1.3708529e+01   2.3265909e+01   4.5239086e+01
   1.3737620e+01   3.7820808e+01   3.6703793e+01
   1.3745373e+01   2.0892754e+01   1.6728481e+01
   1.3768764e+01   3.5438480e+01   4.4144142e+01
   1.3796487e+01   1.4077524e+01   2.0218544e+01
   1.3808867e+01   1.3871950e+01   2.5399633e+01
   1.3905197e+01   1.9972128e+01   4.1373207e+01
   1.3957391e+01   1.5164431e+01   3.1551785e+01
   1.3968048e+01   3.4151501e+01   4.5366558e+01
   1.3983615e+01   2.1593849e+01   4.3251415e+01
   1.4003063e+01   3.3664623e+01   2.5049137e+01
   1.4025420e+01   3.7553871e+01   3.5494003e+01
   1.4026567e+01   2.9337072e+01   4.6906223e+01
   1.4028385e+01   1.3415069e+01   2.3843990e+01
   1.4045921e+01   3.6486240e+01   4.1745754e+01
   1.4051832e+01   3.5924671e+01   2.9584988e+01
   1.4140474e+01   3.7509251e+01   3.7785240e+01
   1.4153859e+01   1.3374444e+01   2.2171589e+01
   1.4176602e+01   3.2072235e+01   4.6132759e+01
   1.4228113e+01   1.5810868e+01   3.3863670e+01
   1.4256202e+01   3.2977661e+01   2.3863695e+01
   1.4265098e+01   1.7634453e+01   3.7288067e+01
   1.4304064e+01   2.5225132e+01   4.5998432e+01
   1.4339893e+01   2.4122553e+01   1.6909725e+01
   1.4364929e+01   1.6915541e+01   1.5726850e+01
   1.4394361e+01   3.4910984e+01   2.7235245e+01
   1.4414129e+01   1.3512228e+01   1.8875885e+01
   1.4416142e+01   3.7268639e+01   3.3912983e+01
   1.4496113e+01   1.3648832e+01   2.7093044e+01
   1.4557494e+01   3.7507759e+01   3.6802883e+01
   1.4572162e+01   1.8999796e+01   1.5123354e+01
   1.4577073e+01   1.6344572e+01   3.5128098e+01
   1.4610274e+01   1.2798657e+01   2.0229015e+01
   1.4625504e+01   2.7943813e+01   1.8617447e+01
   1.4675851e+01   3.1181396e+01   2.1601898e+01
   1.4701167e+01   2.7236425e+01   4.6157150e+01
   1.4748604e+01   1.8995659e+01   3.9668114e+01
   1.4761093e+01   3.2468811e+01   2.3047834e+01
   1.4811411e+01   1.4272784e+01   1.6447830e+01
   1.4880308e+01   2.9517492e+01   1.9746565e+01
   1.5075576e+01   2.4444126e+01   4.4913452e+01
   1.5124584e+01   3.6593044e+01   3.9455517e+01
   1.5279933e+01   2.1882597e+01   1.4859042e+01
   1.5370326e+01   3.4679718e+01   4.2848629e+01
   1.5380967e+01   1.3627397e+01   2.8678387e+01
   1.5419187e+01   2.3958029e+01   1.5592084e+01
   1.5422745e+01   1.2408944e+01   2.4080654e+01
   1.5457301e+01   1.6326527e+01   1.3657969e+01
   1.5503805e+01   3.2712376e+01   4.4299591e+01
   1.5512473e+01   2.9293848e+01   4.5272335e+01
   1.5540288e+01   1.9306673e+01   1.3661913e+01
   1.5550297e+01   1.1864111e+01   1.8574476e+01
   1.5552009e+01   1.1706702e+01   2.0813597e+01
   1.5582789e+01   2.6129854e+01   4.4978539e+01
   1.5635639e+01   1.5717232e+01   3.3868141e+01
   1.5673643e+01   2.7016029e+01   1.7414133e+01
   1.5836288e+01   1.3005318e+01   1.3831427e+01
   1.5873136e+01   2.5276739e+01   1.6018595e+01
   1.5881021e+01   2.8838144e+01   1.8520454e+01
   1.5920407e+01   1.6627632e+01   3.5585682e+01
   1.5925071e+01   3.6602348e+01   3.7341869e+01
   1.6035303e+01   1.1437289e+01   1.5568936e+01
   1.6051912e+01   2.1692028e+01   4.1934158e+01
   1.6070116e+01   3.4436893e+01   2.6043871e+01
   1.6186991e+01   1.1451636e+01   1.3838684e+01
   1.6213600e+01   2.4058395e+01   4.3442593e+01
   1.6248867e+01   3.3479576e+01   2.4372524e+01
   1.6252329e+01   1.8309320e+01   1.2372540e+01
   1.6308607e+01   2.2378973e+01   1.3816505e+01
   1.6322460e+01   2.0337971e+01   4.0462112e+01
   1.6347504e+01   2.9768942e+01   1.9146618e+01
   1.6397106e+01   1.3603401e+01   1.1879499e+01
   1.6418484e+01   3.5867973e+01   3.9123402e+01
   1.6485626e+01   3.6376076e+01   3.4517029e+01
   1.6492538e+01   2.3961458e+01   1.4647543e+01
   1.6520254e+01   3.6071476e+01   3.1738400e+01
   1.6560682e+01   1.1248584e+01   1.2771893e+01
   1.6594696e+01   1.0358343e+01   1.4034510e+01
   1.6598665e+01   3.3317039e+01   4.2655853e+01
   1.6602369e+01   3.4788235e+01   4.0789288e+01
   1.6661385e+01   1.2398320e+01   2.6485165e+01
   1.6672995e+01   1.6245211e+01   1.1276615e+01
   1.6734627e+01   1.0991593e+01   2.2451374e+01
   1.6754349e+01   3.0135637e+01   4.3941929e+01
   1.6796906e+01   3.2332287e+01   2.2478624e+01
   1.6806425e+01   9.9609861e+00   1.7577955e+01
   1.6831459e+01   2.0869801e+01   1.2665317e+01
   1.6866407e+01   2.7446283e+01   4.3852043e+01
   1.6887262e+01   1.3682969e+01   3.0073378e+01
   1.6904202e+01   9.6393795e+00   1.5399176e+01
   1.6914682e+01   3.0873329e+01   2.0391153e+01
   1.6949242e+01   1.9167383e+01   3.8625889e+01
   1.6997402e+01   1.2939165e+01   2.8459021e+01
   1.7009546e+01   3.4993378e+01   2.7415361e+01
   1.7032703e+01   3.5479660e+01   2.9319468e+01
   1.7053692e+01   1.7650484e+01   3.6719734e+01
   1.7061419e+01   1.0060854e+01   2.0145552e+01
   1.7107218e+01   3.1623962e+01   4.3132637e+01
   1.7195677e+01   1.4807443e+01   3.2232876e+01
   1.7205130e+01   1.1115763e+01   1.0838497e+01
   1.7233442e+01   2.2844908e+01   1.3272691e+01
   1.7305042e+01   1.3862085e+01   9.8160992e+00
   1.7385452e+01   1.1153451e+01   2.4368877e+01
   1.7499405e+01   2.3129192e+01   4.1940224e+01
   1.7499409e+01   1.8673523e+01   1.0947451e+01
   1.7626871e+01   2.6501600e+01   1.5755646e+01
   1.7650770e+01   8.4050322e+00   1.3289221e+01
   1.7684071e+01   3.5073025e+01   3.8563549e+01
   1.7803322e+01   8.4080544e+00   1.6583281e+01
   1.7812037e+01   8.9373407e+00   1.0180445e+01
   1.7841078e+01   2.4275677e+01   4.2258167e+01
   1.7856667e+01   2.2010309e+01   4.0821491e+01
   1.7877737e+01   2.9282259e+01   1.8231598e+01
   1.7910746e+01   8.7460842e+00   1.8712442e+01
   1.7959373e+01   1.6537020e+01   9.4066324e+00
   1.8014021e+01   3.5411587e+01   3.6687824e+01
   1.8043325e+01   2.6048164e+01   4.2486221e+01
   1.8081879e+01   1.6337721e+01   3.4573132e+01
   1.8086267e+01   2.9230261e+01   4.2565136e+01
   1.8111807e+01   2.0786694e+01   3.9627956e+01
   1.8127825e+01   3.2049492e+01   4.1500889e+01
   1.8153742e+01   1.1199461e+01   7.8323007e+00
   1.8191542e+01   8.1767597e+00   8.5656538e+00
   1.8230326e+01   1.4531206e+01   8.1587429e+00
   1.8331366e+01   6.6129975e+00   1.0757922e+01
   1.8383606e+01   9.4085693e+00   2.1743582e+01
   1.8415565e+01   6.3163424e+00   1.2665516e+01
   1.8426872e+01   2.4492039e+01   1.3560761e+01
   1.8446873e+01   1.8758455e+01   3.7416115e+01
   1.8489367e+01   1.5997332e+01   8.2694044e+00
   1.8517845e+01   3.5024654e+01   2.8284660e+01
   1.8519232e+01   3.5524773e+01   3.3344482e+01
   1.8568766e+01   8.6402082e+00   6.3784776e+00
   1.8583799e+01   6.2735567e+00   8.0922108e+00
   1.8619810e+01   1.0998556e+01   2.5452684e+01
   1.8655678e+01   1.0417961e+01   5.9370575e+00
   1.8691353e+01   6.9255996e+00   1.5719823e+01
   1.8709702e+01   1.7806309e+01   3.6229412e+01
   1.8784163e+01   1.1560822e+01   2.6668793e+01
   1.8818260e+01   6.3235307e+00   5.7842412e+00
   1.8833456e+01   1.3794453e+01   3.0745632e+01
   1.8854555e+01   3.4244839e+01   2.6697062e+01
   1.8856705e+01   3.5339451e+01   3.1540812e+01
   1.8858425e+01   2.2756941e+01   1.2069545e+01
   1.8930380e+01   5.8567200e+00   1.3966785e+01
   1.8939505e+01   8.3854704e+00   2.0293968e+01
   1.8946827e+01   5.2221403e+00   1.2237995e+01
   1.8953650e+01   3.3205677e+01   3.9497627e+01
   1.8962719e+01   2.0859846e+01   1.0793347e+01
   1.9009575e+01   1.5573981e+01   7.4045219e+00
   1.9012232e+01   4.3413043e+00   7.0793343e+00
   1.9024902e+01   2.4436628e+01   4.1048264e+01
   1.9027681e+01   4.5697122e+00   5.0874343e+00
   1.9035379e+01   1.2514031e+01   2.8468916e+01
   1.9097933e+01   1.0087042e+01   4.9386306e+00
   1.9117661e+01   3.0927715e+01   2.0046343e+01
   1.9185118e+01   1.3852558e+01   6.4622502e+00
   1.9196146e+01   2.7215916e+01   4.1439476e+01
   1.9237808e+01   1.1760491e+01   5.3510203e+00
   1.9239094e+01   4.3108344e+00   1.0049959e+01
   1.9242882e+01   1.7078930e+01   8.0434198e+00
   1.9262980e+01   3.1957331e+01   2.1778267e+01
   1.9265129e+01   1.8959259e+01   9.3439026e+00
   1.9288996e+01   8.4277735e+00   4.3060956e+00
   1.9293785e+01   6.1136985e+00   3.7333217e+00
   1.9339455e+01   7.1507072e+00   1.8142996e+01
   1.9389097e+01   2.8162752e+01   1.6447067e+01
   1.9411695e+01   3.8156104e+00   3.2935379e+00
   1.9454569e+01   3.4962101e+01   2.9758133e+01
   1.9465929e+01   2.6506293e+00   5.3267589e+00
   1.9479664e+01   2.0355156e+01   3.8223713e+01
   1.9500664e+01   9.7682714e+00   2.3652277e+01
   1.9506536e+01   2.9566671e+01   4.0854050e+01
   1.9511158e+01   3.3076153e+01   2.4061661e+01
   1.9564882e+01   3.1513794e+01   4.0126110e+01
   1.9567270e+01   3.3876076e+01   3.7437424e+01
   1.9577942e+01   2.4025679e+01   1.2446959e+01
   1.9616787e+01   3.4588860e+01   3.5181923e+01
   1.9679892e+01   3.4663357e+01   2.8502819e+01
   1.9769226e+01   2.2506130e+01   3.9469421e+01
   1.9793499e+01   5.5114102e+00   1.8841214e+00
   1.9796890e+01   2.3557155e+00   7.9126587e+00
   1.9982201e+01   8.4132671e+00   2.1796299e+01
   1.9997953e+01   1.5041205e+01   3.2367741e+01
   2.0001423e+01   1.2823002e+00   2.8356757e+00
   2.0012142e+01   3.0381207e+01   1.9080845e+01
   2.0038595e+01   2.6504166e+01   1.4567341e+01
   2.0058538e+01   3.1882572e+01   3.9278072e+01
   2.0063036e+01   3.3375266e+00   8.2115817e-01
   2.0066435e+01   2.4948832e+01   1.2965253e+01
   2.0073641e+01   1.9039665e+01   3.6700199e+01
   2.0157757e+01   3.9133260e+00   1.3152943e+01
   2.0163193e+01   5.2724533e+00   1.6067205e+01
   2.0172783e+01   1.7670696e+01   3.5281322e+01
   2.0212986e+01   2.9475668e+01   1.7719961e+01
   2.0296598e+01   3.4609703e+01   3.3164547e+01
   2.0305466e+01   1.1064363e+01   3.4472363e+00
   2.0402143e+01   2.4414602e+01   3.9724689e+01
   2.0423111e+01   1.6113470e+01   6.1839066e+00
   2.0451757e+01   1.6480038e+01   3.3930157e+01
   2.0453630e+01   2.2406279e+01   1.0774454e+01
   2.0468866e+01   8.3292904e+00   1.7538036e+00
   2.0502451e+01   3.4579494e+01   3.1356878e+01
   2.0513607e+01   2.6747444e+01   3.9893955e+01
   2.0541348e+01  -1.0666989e-02   5.7222195e+00
   2.0602346e+01   3.2100067e+01   3.8187275e+01
   2.0614485e+01   2.1498308e+00   1.0654790e+01
   2.0640539e+01   1.3757156e+01   4.4144168e+00
   2.0680841e+01   1.0867898e+01   2.6301981e+01
   2.0683790e+01   6.1711144e+00  -3.4574264e-01
   2.0720211e+01   3.0446091e-01  -3.2760978e-01
   2.0724442e+01   8.4719533e-01   8.5244141e+00
   2.0875990e+01   2.9949793e+01   3.9055908e+01
   2.0911667e+01  -1.6470211e+00   2.6461453e+00
   2.1017551e+01   1.3651441e+01   3.0353697e+01
   2.1020456e+01   3.4114678e+00  -2.0408974e+00
   2.1021925e+01   1.2024575e+00  -2.3078880e+00
   2.1045956e+01   1.8785845e+01   7.5796766e+00
   2.1058512e+01  -1.8473363e+00   4.6234031e+00
   2.1079109e+01  -1.8398044e+00   4.6760538e-01
   2.1090343e+01   8.0576067e+00   1.8821357e-02
   2.1114973e+01   2.1977077e+01   3.8087589e+01
   2.1127815e+01   5.6862321e+00   1.8288870e+01
   2.1212358e+01   5.6269832e+00  -2.0428915e+00
   2.1274813e+01   3.0173552e+01   1.8707935e+01
   2.1292709e+01   3.3869820e+01   2.9325481e+01
   2.1436802e+01   6.9237456e+00   2.0342625e+01
   2.1457870e+01   2.5667269e+01   1.3212291e+01
   2.1481012e+01   2.9545660e+01   1.7753857e+01
   2.1484060e+01   3.3452812e+01   3.4226990e+01
   2.1515537e+01   2.8428682e+01   1.6436230e+01
   2.1518738e+01   2.4048172e+01   1.1740881e+01
   2.1521049e+01  -2.8328846e+00   4.3273611e+00
   2.1526854e+01   1.2955662e+00   1.1413414e+01
   2.1550390e+01   7.8633828e+00  -1.0667150e+00
   2.1551422e+01   5.3376102e-01   1.0171687e+01
   2.1570145e+01   6.8377967e+00  -1.9617702e+00
   2.1592518e+01   2.0769615e+01   3.6947777e+01
   2.1598488e+01   3.2902607e+01   2.4385561e+01
   2.1642225e+01   1.5251030e+00  -3.4226570e+00
   2.1651718e+01   3.2281910e+01   2.3128422e+01
   2.1659168e+01   3.1049953e+01   2.0675308e+01
   2.1660395e+01  -2.1833327e+00   6.0428596e+00
   2.1685198e+01  -8.1372708e-01   8.1909475e+00
   2.1705906e+01  -2.5990862e-01  -2.7496879e+00
   2.1712454e+01  -2.0356107e+00  -9.6151990e-01
   2.1714113e+01   2.4392933e+01   3.8362961e+01
   2.1734358e+01   2.1281929e+01   9.2723722e+00
   2.1745550e+01   2.2843966e+01   1.0442310e+01
   2.1757980e+01   3.2147736e+01   3.6021923e+01
   2.1763754e+01  -3.1890697e+00   1.2619405e+00
   2.1790586e+01   3.3172054e+01   2.6134878e+01
   2.1794502e+01   1.4329136e+01   3.3966892e+00
   2.1834721e+01   3.3563335e+01   3.2299728e+01
   2.1837984e+01  -3.4817841e+00   3.2304108e+00
   2.1845129e+01   2.7308887e+01   3.8454414e+01
   2.1851280e+01   1.3233638e+01   2.7103348e+00
   2.1851425e+01   3.0589487e+01   3.7506081e+01
   2.1852215e+01   3.4162765e+00   1.5377192e+01
   2.1954115e+01   4.4597311e+00   1.7230179e+01
   2.2026489e+01   8.1287556e+00   2.2582729e+01
   2.2078390e+01   1.7693573e+01   3.4257061e+01
   2.2109371e+01   9.4238987e+00  -4.5918873e-01
   2.2117651e+01   1.2188254e+01   2.8326523e+01
   2.2149252e+01   1.5628548e+01   4.1116333e+00
   2.2165485e+01   1.4884029e+01   3.1589645e+01
   2.2198545e+01   1.9347685e+01   3.5439655e+01
   2.2224199e+01   1.7610434e+00   1.3093700e+01
   2.2236137e+01   1.1414388e+01   1.1241295e+00
   2.2238802e+01   1.1072367e+01   2.7008965e+01
   2.2242050e+01   5.7331128e+00  -3.4153719e+00
   2.2243883e+01   5.8662558e-01   1.1592003e+01
   2.2264160e+01   4.9681568e+00   1.8312796e+01
   2.2265877e+01   1.7689991e+01   5.6696057e+00
   2.2297424e+01   2.8818346e+01   3.7717770e+01
   2.2328220e+01   3.1748056e+00  -4.2512455e+00
   2.2371984e+01   1.6294334e+01   3.2842388e+01
   2.2378809e+01   2.0202150e+01   7.7912216e+00
   2.2423027e+01   5.5026789e+00   1.9158693e+01
   2.2446646e+01   2.2493341e+01   3.7190647e+01
   2.2476923e+01   9.4147339e+00   2.4642555e+01
   2.2521788e+01   1.0419748e+01   2.6169497e+01
   2.2554197e+01   2.6923641e+01   1.4524009e+01
   2.2626558e+01   1.4564651e+01   2.8174624e+00
   2.2681349e+01  -3.8665707e+00   5.3514566e+00
   2.2778019e+01   8.1951494e+00  -2.5411901e+00
   2.2815924e+01   3.2495331e+01   2.4573254e+01
   2.2863867e+01   1.9392366e+01   6.7243814e+00
   2.3012794e+01  -2.7361150e+00   8.1178665e+00
   2.3040033e+01  -4.6303835e+00   2.8744972e+00
   2.3062502e+01   2.9633554e+01   1.8429949e+01
   2.3072796e+01  -4.1654296e+00   2.2084493e-02
   2.3123871e+01   3.1985046e+01   3.3623428e+01
   2.3147469e+01  -1.0190856e+00   1.0526154e+01
   2.3147558e+01   2.6558584e+01   3.7020325e+01
   2.3171539e+01  -2.1391249e+00  -3.4642406e+00
   2.3179808e+01   3.3942893e+00   1.6779463e+01
   2.3190945e+01   2.9318464e+01   3.6264530e+01
   2.3269474e+01   1.8744108e+01   3.4348610e+01
   2.3270746e+01   2.3985821e+01   3.6785183e+01
   2.3292946e+01   1.1018890e+01  -6.4110816e-01
   2.3350536e+01   3.2420784e+01   3.1077158e+01
   2.3358179e+01  -1.5031704e-01  -5.0059137e+00
   2.3370619e+01   1.9537468e-01   1.2415636e+01
   2.3406942e+01   2.8002653e+00  -5.5198264e+00
   2.3485292e+01  -4.0337753e+00  -1.6068045e+00
   2.3488277e+01   1.1168617e+01   2.7077868e+01
   2.3533005e+01   3.2465878e+01   2.8301064e+01
   2.3533581e+01   1.5640346e+01   3.1769997e+01
   2.3546047e+01   3.0579065e+01   3.4917408e+01
   2.3555178e+01   4.6931500e+00  -5.3240142e+00
   2.3575047e+01   1.4144674e+01   3.0216948e+01
   2.3575739e+01   1.5524228e+01   2.9046516e+00
   2.3575932e+01   2.3197405e+01   1.0306140e+01
   2.3694166e+01   1.8633253e+01   5.5469074e+00
   2.3703684e+01   2.5658651e+01   1.3018632e+01
   2.3708786e+01   1.0172826e+01  -1.9098823e+00
   2.3713058e+01   3.2248127e+01   2.5926136e+01
   2.3720881e+01   1.3906669e+01   1.5493363e+00
   2.3726942e+01   5.7599401e+00   2.0022881e+01
   2.3766108e+01   1.0189513e+01   2.5833792e+01
   2.3808968e+01   1.7148098e+01   4.2008548e+00
   2.3862837e+01   2.2085781e+01   3.5521194e+01
   2.3889647e+01  -2.4937017e+00   9.7755384e+00
   2.3937859e+01   1.6596462e+01   3.2345772e+01
   2.4047840e+01  -4.2788954e+00   7.3284554e+00
   2.4087473e+01   1.9547762e+01   6.2139530e+00
   2.4132915e+01   3.0362612e+01   2.0613201e+01
   2.4134726e+01   4.3369384e+00   1.8371906e+01
   2.4174623e+01   1.2195715e+01  -3.9228907e-01
   2.4183157e+01   1.1254911e+01  -1.4156322e+00
   2.4198839e+01  -5.4846535e+00   3.0751836e-01
   2.4282406e+01   1.2509076e+01   2.8341534e+01
   2.4299892e+01   2.8086321e+01   1.6424240e+01
   2.4316633e+01   2.7315346e+01   3.5519981e+01
   2.4346758e+01   7.1050181e+00  -4.7923923e+00
   2.4356594e+01   3.0764740e+00   1.7089798e+01
   2.4372574e+01   2.0698559e+01   7.4398141e+00
   2.4379217e+01   1.8019543e+01   3.2964314e+01
   2.4381081e+01   3.1190519e+01   2.3581099e+01
   2.4425251e+01   3.0368103e+01   3.3539101e+01
   2.4452930e+01   3.1064482e+01   3.2145523e+01
   2.4456188e+01   9.2434521e+00  -3.4646316e+00
   2.4461269e+01   2.0018641e+01   3.4107445e+01
   2.4474821e+01   2.5055140e+01   3.5494957e+01
   2.4483553e+01   2.0807052e+00   1.5653752e+01
   2.4534878e+01   8.2946692e+00   2.3387066e+01
   2.4578772e+01  -5.3111520e+00   5.3168430e+00
   2.4592699e+01   2.8939400e+01   3.4436485e+01
   2.4645042e+01   6.8975277e+00   2.1570673e+01
   2.4660908e+01   9.4837332e+00   2.4867878e+01
   2.4696022e+01   2.2276913e+01   9.0856333e+00
   2.4722559e+01  -3.5528746e+00   9.1973763e+00
   2.4773916e+01   4.8728070e-01   1.3828088e+01
   2.4817394e+01   2.6749319e+01   1.4450067e+01
   2.4863855e+01   2.8958265e+01   1.8053717e+01
   2.4884258e+01   5.3813329e+00  -6.1046791e+00
   2.4890717e+01   3.1154867e+01   2.9928467e+01
   2.4977367e+01   2.5801892e+00  -7.0575833e+00
   2.5040121e+01   3.1315298e+01   2.7053316e+01
   2.5059265e+01   2.9496466e+01   1.9287733e+01
   2.5082001e+01   2.4473946e+01   1.1596825e+01
   2.5096426e+01  -2.3672168e+00   1.0836057e+01
   2.5098501e+01  -9.3932289e-01   1.2366099e+01
   2.5128031e+01   1.6249342e+01   3.1289204e+01
   2.5257256e+01  -6.4290719e+00   1.8200599e+00
   2.5423119e+01   1.6116392e+01   2.4498854e+00
   2.5493656e+01   1.1186515e+01  -2.4121482e+00
   2.5638477e+01   2.6798798e+01   3.3700233e+01
   2.5751553e+01   1.8879307e+01   5.0606441e+00
   2.5752325e+01   2.1813715e+01   3.3651527e+01
   2.5798241e+01   2.9145868e+01   3.1733995e+01
   2.5867760e+01   1.1283006e+01   2.6532448e+01
   2.5893456e+01   3.1840982e+00  -7.6597881e+00
   2.5925245e+01   2.9744448e+01   2.1162003e+01
   2.5952999e+01   2.4025852e+01   3.3700665e+01
   2.6035807e+01  -4.9815521e+00   8.0841045e+00
   2.6060263e+01   1.4222491e+01   2.9098911e+01
   2.6147736e+01   1.3777140e+01  -1.7971627e-01
   2.6240700e+01   2.8924918e+00   1.7289728e+01
   2.6277563e+01   2.9996372e+01   2.8479771e+01
   2.6324051e+01   8.9897461e+00  -4.8522458e+00
   2.6344746e+01   5.5396624e+00   2.0118864e+01
   2.6364658e+01   1.8035892e+01   3.1554703e+01
   2.6401136e+01   3.0172728e+01   2.5700857e+01
   2.6513748e+01   2.7082199e+01   1.5611816e+01
   2.6517887e+01   2.7359661e+01   3.2163750e+01
   2.6598961e+01   2.9844133e+01   2.3367950e+01
   2.6610600e+01  -7.0193267e+00   2.6094778e+00
   2.6736982e+01   6.6602266e-01   1.4923376e+01
   2.6763828e+01   7.8294473e+00   2.2638180e+01
   2.6777964e+01   2.8229300e+01   1.8474400e+01
   2.6861717e+01   2.3238810e+01   1.0110707e+01
   2.6896513e+01   9.2898817e+00   2.4199474e+01
   2.6906448e+01   2.0218679e+01   3.1902817e+01
   2.6976416e+01   2.0565392e+01   6.7325897e+00
   2.7016533e+01   2.2800367e+01   3.2484863e+01
   2.7034449e+01   2.1806833e+01   8.2793732e+00
   2.7062336e+01   2.4122545e+01   3.2470558e+01
   2.7072079e+01  -3.7776740e+00   1.0234162e+01
   2.7110628e+01   6.3449111e+00  -6.6343575e+00
   2.7145578e+01   2.7488613e+01   3.0830212e+01
   2.7161686e+01   2.5578285e+01   1.3570079e+01
   2.7228350e+01   2.5568119e+01   3.1762199e+01
   2.7231337e+01   1.6816849e+01   3.0199343e+01
   2.7262800e+01  -2.1753323e+00   1.1998041e+01
   2.7308773e+01  -6.5122747e+00   5.4352551e+00
   2.7377031e+01   2.8403051e+01   2.8939886e+01
   2.7408606e+01   2.9132158e+01   2.6849480e+01
   2.7411541e+01   1.2384938e+01  -2.1325164e+00
   2.7427092e+01   1.8467035e+01   3.0922033e+01
   2.7446243e+01   1.5644717e+01   1.2214384e+00
   2.7459637e+01   1.7408453e+01   3.0549626e+00
   2.7531113e+01  -7.1148634e-01   1.3576452e+01
   2.7592207e+01  -4.8922215e+00   9.2891321e+00
   2.7656929e+01   8.2843580e+00  -5.9889002e+00
   2.7661747e+01   2.8699707e+01   2.1815439e+01
   2.7693264e+01   1.4583182e+01   3.8919799e-02
   2.7705820e+01   2.4301325e+01   1.1626406e+01
   2.7711502e+01   2.3855295e+01   3.1606644e+01
   2.7745625e+01   4.1797690e+00   1.8689163e+01
   2.7759916e+01   1.5923754e+00   1.6083193e+01
   2.7761293e+01   1.0629775e+01   2.5327459e+01
   2.7764877e+01   2.8932619e+01   2.4544418e+01
   2.7833641e+01   2.6417883e+01   1.5258246e+01
   2.7894835e+01   1.5471053e+01   2.8888546e+01
   2.7918816e+01   6.8739657e+00   2.1438417e+01
   2.7952778e+01  -5.6110077e+00   8.2489214e+00
   2.7954769e+01   1.8758606e+01   4.3998580e+00
   2.7964529e+01   2.6956354e+01   1.6518560e+01
   2.7969992e+01   1.1794796e+01   2.6252035e+01
   2.7981386e+01   1.0758594e+01  -3.9540081e+00
   2.7997290e+01   2.2482655e+01   3.1174673e+01
   2.8005018e+01   4.2528176e+00  -8.1004553e+00
   2.8065720e+01   1.3607412e+01   2.7455446e+01
   2.8094509e+01   9.2958698e+00  -5.4148355e+00
   2.8125175e+01  -7.3837218e+00   2.8611600e+00
   2.8148867e+01   1.9781681e+01   5.6281691e+00
   2.8277048e+01   1.3662150e+01  -9.8833680e-01
   2.8382378e+01   1.6748590e+01   2.9266205e+01
   2.8495094e+01   2.6231987e+01   2.8864071e+01
   2.8501635e+01   1.8534861e+01   2.9779865e+01
   2.8649082e+01   2.7586843e+01   2.6186077e+01
   2.8719023e+01   2.3802349e+01   2.9917517e+01
   2.8801123e+01   2.6935211e+01   1.7966295e+01
   2.8865845e+01   2.1245134e+01   2.9872154e+01
   2.8873465e+01  -7.3218880e+00   4.5429325e+00
   2.8894897e+01   1.0091774e+01   2.4269184e+01
   2.8903851e+01   1.6592897e+01   2.0943918e+00
   2.8943169e+01   2.7349543e+01   2.0329723e+01
   2.9008280e+01   2.7600370e+01   2.3174524e+01
   2.9107841e+01   1.9148842e+01   4.8393426e+00
   2.9117218e+01   2.4382301e+01   1.2366638e+01
   2.9165573e+01   1.2646049e+01   2.6244047e+01
   2.9185917e+01   1.1387988e+01   2.5272917e+01
   2.9228458e+01   1.7974720e+01   3.6034713e+00
   2.9263067e+01   1.5072763e+01   5.0623304e-01
   2.9264006e+01  -7.0708947e+00   5.8072505e+00
   2.9344883e+01  -1.8569304e+00   1.2646967e+01
   2.9370384e+01   9.8204784e+00  -5.1402030e+00
   2.9409401e+01   1.9739594e+01   5.6364307e+00
   2.9426056e+01  -6.2902732e+00   7.3521309e+00
   2.9434214e+01   2.5756285e+01   1.5994608e+01
   2.9510141e+01   1.6482929e+01   2.7913645e+01
   2.9547031e+01   2.8740730e+00   1.7245348e+01
   2.9563826e+01   2.0545914e+01   7.0189538e+00
   2.9574776e+01   6.4266028e+00  -7.1679344e+00
   2.9580448e+01   8.0927954e+00  -6.2716804e+00
   2.9584417e+01   2.2050949e+01   9.1477489e+00
   2.9601223e+01   3.0183813e-01   1.4731520e+01
   2.9636555e+01   1.2197331e+01  -2.5978491e+00
   2.9668522e+01  -7.5068388e+00   3.1273246e+00
   2.9668652e+01  -3.1096022e+00   1.1313169e+01
   2.9694443e+01  -7.3956251e+00   4.8760629e+00
   2.9721962e+01  -4.8636827e+00   9.4707022e+00
   2.9747217e+01   8.7756357e+00   2.2521320e+01
   2.9765169e+01   7.1759467e+00   2.1328213e+01
   2.9831209e+01   5.0578446e+00  -7.8658824e+00
   2.9907568e+01   2.5555811e+01   2.6185854e+01
   2.9921673e+01   2.2222366e+01   2.8323460e+01
   2.9930902e+01   2.4077122e+01   2.7608210e+01
   2.9931372e+01   2.6332243e+01   2.4274035e+01
   2.9959528e+01   2.4560457e+01   1.3718706e+01
   3.0001755e+01   5.9329462e+00   1.9982105e+01
   3.0030767e+01   1.0768936e+01  -4.2086320e+00
   3.0048862e+01   1.9762367e+01   2.8095074e+01
   3.0076385e+01   2.3147469e+01   1.1202932e+01
   3.0112715e+01  -1.0112550e+00   1.3471739e+01
   3.0115118e+01   1.4232971e+01   2.6435356e+01
   3.0121943e+01   1.3666368e+01  -9.8022830e-01
   3.0223715e+01   2.6015600e+01   1.8968037e+01
   3.0293741e+01   2.6132309e+01   2.1820890e+01
   3.0323563e+01   1.5465095e+00   1.5908865e+01
   3.0347288e+01   4.3464632e+00   1.8489424e+01
   3.0356939e+01   2.3863033e+01   1.2526236e+01
   3.0587994e+01  -7.0325885e+00   5.4581699e+00
   3.0608595e+01   1.1045672e+01   2.3955626e+01
   3.0610136e+01   1.2705744e+01   2.5180344e+01
   3.0630161e+01   1.8823502e+01   5.0829000e+00
   3.0684948e+01   2.4025173e+01   2.5967865e+01
   3.1067253e+01   7.5993900e+00   2.1005707e+01
   3.1103392e+01   9.5624475e+00  -5.1871247e+00
   3.1156837e+01   1.6047363e+01   2.6217592e+01
   3.1173075e+01   1.6575428e+01   2.6514697e+00
   3.1207296e+01   2.4326448e+01   1.5309003e+01
   3.1244202e+01   2.1781925e+01   2.6008202e+01
   3.1249344e+01   1.8363127e+01   2.6446581e+01
   3.1250303e+01  -7.3115730e+00   3.7140336e+00
   3.1301994e+01   2.4170633e+01   2.3726158e+01
   3.1423317e+01   2.4687244e+01   1.7568449e+01
   3.1438236e+01  -5.9373941e+00   7.5697198e+00
   3.1555796e+01   2.4709831e+01   2.0327820e+01
   3.1629919e+01   2.1720613e+01   9.9725065e+00
   3.1674225e+01   5.2303820e+00   1.8799477e+01
   3.1675377e+01   8.1989651e+00  -6.0802755e+00
   3.1687017e+01   1.4445000e+01   2.6812580e-01
   3.1751413e+01  -4.3105331e-01   1.3665501e+01
   3.1797113e+01  -1.8453578e+00   1.2265163e+01
   3.1802406e+01   2.0755777e+01   8.5786095e+00
   3.1810108e+01   1.0916461e+01  -3.6636307e+00
   3.1820667e+01   2.4370630e+00   1.6254259e+01
   3.1906340e+01  -4.9783773e+00   9.0665073e+00
   3.1932930e+01   2.3044325e+01   1.3447512e+01
   3.1954594e+01   6.0774193e+00   1.9340185e+01
   3.1994198e+01   1.4672664e+01   2.4818985e+01
   3.2013630e+01   2.2454306e+01   2.4263783e+01
   3.2062237e+01   1.2662863e+01  -1.6241199e+00
   3.2136871e+01   5.8520093e+00  -7.2842174e+00
   3.2240097e+01   1.2856819e+01   2.3723726e+01
   3.2289082e+01   1.9436993e+01   2.5017584e+01
   3.2363056e+01   1.9345255e+01   7.0464020e+00
   3.2375912e+01   1.1111413e+01   2.2400890e+01
   3.2391090e+01   1.7185226e+01   2.4907381e+01
   3.2411713e+01  -3.6626177e+00   1.0218870e+01
   3.2491734e+01   2.2456656e+01   2.3025080e+01
   3.2568615e+01   2.1069973e+01   2.3978613e+01
   3.2591595e+01   2.3522224e+01   1.8731195e+01
   3.2601429e+01   4.2275157e+00   1.7257696e+01
   3.2628101e+01   2.3209858e+01   1.6354101e+01
   3.2640148e+01   9.2132521e+00   2.0973639e+01
   3.2665977e+01   2.3007986e+01   2.1039028e+01
   3.2687309e+01   7.3440480e+00   1.9695829e+01
   3.2711842e+01   1.2091069e+00   1.4664669e+01
   3.2745003e+01   2.1589218e+01   1.1429901e+01
   3.2831028e+01   1.3475001e+01  -4.4415671e-01
   3.2965710e+01  -6.7839012e+00   4.3398247e+00
   3.3083015e+01   1.4320323e+01   2.3480501e+01
   3.3120777e+01   6.0503588e+00   1.8513126e+01
   3.3169319e+01   1.7540800e+01   5.1563687e+00
   3.3220764e+01   1.5096216e+01   1.8945129e+00
   3.3235184e+01   1.8933084e+01   2.3330156e+01
   3.3343403e+01   1.6288103e+01   3.4337988e+00
   3.3348385e+01   2.1009510e+01   2.1809246e+01
   3.3353970e+01   2.0470423e+01   9.9236031e+00
   3.3358898e+01   8.7788944e+00  -5.0731854e+00
   3.3383488e+01   1.3901053e+01   4.6384320e-01
   3.3501076e+01  -5.0783868e+00   7.7108660e+00
   3.3510113e+01   1.6226152e+01   2.3063395e+01
   3.3527767e+01   1.9659523e+01   8.6137247e+00
   3.3546009e+01   2.9220836e+00   1.5695591e+01
   3.3692413e+01  -3.8789535e-01   1.2817537e+01
   3.3798260e+01   2.1253908e+01   1.3038736e+01
   3.3805302e+01   2.1683598e+01   1.5139295e+01
   3.3924614e+01   1.3986325e+01   2.1976965e+01
   3.3949043e+01   2.1304972e+01   1.8477669e+01
   3.3993896e+01   1.0830031e+01  -2.8240702e+00
   3.4203495e+01   1.2399735e+01  -6.9876152e-01
   3.4240215e+01   1.1498307e+01   2.0681484e+01
   3.4320892e+01   7.3910441e+00   1.8449671e+01
   3.4348690e+01   1.8581041e+01   2.0859009e+01
   3.4360413e+01   1.6394117e+01   4.4565964e+00
   3.4365864e+01  -1.8074353e+00   1.1123453e+01
   3.4376369e+01   1.6281466e+01   2.1603729e+01
   3.4465931e+01   6.3406382e+00  -6.3753123e+00
   3.4552704e+01   1.9276054e+01   9.6127548e+00
   3.4752899e+01   1.8067280e+01   8.0395937e+00
   3.4781834e+01   2.5930767e+00   1.4438923e+01
   3.4800404e+01  -5.9855762e+00   4.5066485e+00
   3.4820286e+01  -3.2040396e+00   9.2437086e+00
   3.4828484e+01   2.0385708e+01   1.6171759e+01
   3.4829945e+01   1.9544146e+01   1.9020720e+01
   3.4857460e+01   1.5159179e+01   3.4991171e+00
   3.4910999e+01   6.3495507e+00   1.7029188e+01
   3.4942547e+01   2.0073935e+01   1.4204993e+01
   3.4967804e+01   1.6327869e+01   2.0309614e+01
   3.4978706e+01   9.5243254e+00   1.8818592e+01
   3.4985706e+01   1.9304199e+01   1.1652586e+01
   3.5048916e+01   9.4064417e+00  -3.7206490e+00
   3.5066757e+01   1.3396319e+01   1.5113766e+00
   3.5079281e+01   1.1231424e+00   1.3009304e+01
   3.5148701e+01   1.6507418e+01   5.9112806e+00
   3.5167831e+01   1.9321836e+01   1.7747110e+01
   3.5174446e+01   1.8242271e+01   1.9194843e+01
   3.5202820e+01   1.5835643e+01   4.7412548e+00
   3.5217133e+01  -3.5363463e-01   1.1811192e+01
   3.5226158e+01   1.3942154e+01   1.9802103e+01
   3.5228291e+01   4.3926501e+00   1.5334385e+01
   3.5286625e+01   1.8547085e+01   9.8842850e+00
   3.5320553e+01   7.8937373e+00   1.7694780e+01
   3.5327648e+01   8.0547333e+00  -4.7188168e+00
   3.5335529e+01   1.0039541e+01  -2.8422871e+00
   3.5379356e+01   1.0702282e+01  -1.8542429e+00
   3.5416618e+01  -4.1676798e+00   7.2433910e+00
   3.5440662e+01   1.1892904e+01   1.9246613e+01
   3.5592117e+01  -9.3101424e-01   1.1008716e+01
   3.5614464e+01   1.8663628e+01   1.5922564e+01
   3.5684254e+01   1.6709705e+01   1.8091169e+01
   3.5714294e+01  -1.6333585e+00   1.0147452e+01
   3.5885334e+01   1.8231531e+01   1.4040100e+01
   3.5914654e+01   1.1462482e+01   1.8350653e+01
   3.6149086e+01   1.7252590e+01   1.0182155e+01
   3.6184940e+01   1.3572931e+01   1.7744251e+01
   3.6316048e+01   1.4820146e+01   5.4423375e+00
   3.6368996e+01   1.6264519e+01   1.5689247e+01
   3.6403526e+01   6.3010435e+00   1.5253573e+01
   3.6433662e+01   3.0243224e-01   1.0895764e+01
   3.6443031e+01   6.2162299e+00  -5.1642346e+00
   3.6475517e+01   1.3350145e+01   3.5233850e+00
   3.6482609e+01   1.0860112e+01  -1.6561635e-02
   3.6526001e+01   1.1248475e+01   1.6979874e+01
   3.6531483e+01   8.6454268e+00  -2.8180165e+00
   3.6551640e+01   8.5501070e+00   1.6108694e+01
   3.6568924e+01  -4.9427266e+00   4.0382910e+00
   3.6600277e+01   1.5799477e+01   8.0211592e+00
   3.6612469e+01   3.2082062e+00   1.2906383e+01
   3.6689339e+01  -1.9612958e+00   8.3144016e+00
   3.6760559e+01   1.2036954e+01   2.0355911e+00
   3.6843029e+01   1.6064943e+01   1.2933721e+01
   3.6862087e+01  -3.8041201e+00   5.5652728e+00
   3.6877354e+01   5.2339091e+00   1.3997281e+01
   3.7138924e+01   1.3647609e+01   1.5214781e+01
   3.7412704e+01   1.5151711e+01   1.0413723e+01
   3.7502468e+01   1.1102654e+01   1.5003864e+01
   3.7604855e+01   1.4112531e+01   1.3666983e+01
   3.7638859e+01   1.0632473e+01   1.7139815e+00
   3.7668690e+01   1.3776028e+01   7.3639569e+00
   3.7689892e+01   5.0486612e+00   1.2602587e+01
   3.7697598e+01   1.2606971e+01   5.4209652e+00
   3.7763840e+01   5.8210236e-01   8.9915600e+00
   3.7766293e+01   1.1429534e+01   3.3477650e+00
   3.7766697e+01   1.4360970e+01   8.8706703e+00
   3.7767998e+01   2.4976594e+00   1.0605407e+01
   3.7779884e+01   7.1899533e+00   1.3301083e+01
   3.7821236e+01   8.6199903e+00  -7.2129911e-01
   3.7829983e+01   9.4165726e+00   1.4112088e+01
   3.7835815e+01   1.2770864e+01   1.3952193e+01
   3.7899178e+01  -1.9994354e+00   6.2104897e+00
   3.7930328e+01   9.5476618e+00   7.3791218e-01
   3.7936710e+01   4.0475292e+00   1.1536484e+01
   3.7944347e+01   5.2091999e+00  -3.6395726e+00
   3.7953465e+01   1.3490728e+01   1.2261293e+01
   3.7986740e+01  -6.3133526e-01   7.5107870e+00
   3.8030239e+01  -3.5409818e+00   3.0785463e+00
   3.8065258e+01   7.1341767e+00  -2.0174952e+00
   3.8158131e+01   1.1221591e+01   1.3243852e+01
   3.8158665e+01  -2.7701697e+00   4.4354582e+00
   3.8211349e+01   1.3257013e+01   8.5495567e+00
   3.8224907e+01   1.3221371e+01   9.9233913e+00
   3.8368122e+01   9.4478493e+00   1.2514162e+01
   3.8381668e+01   3.7430291e+00   1.0412010e+01
   3.8421383e+01   6.6350007e-01   7.7785735e+00
   3.8458218e+01   8.4587698e+00   4.8007539e-01
   3.8505398e+01   1.1207065e+01   1.1125585e+01
   3.8533127e+01   5.3697720e+00   1.0714699e+01
   3.8559364e+01  -1.7805163e+00   4.7232251e+00
   3.8584919e+01   1.0538795e+01   4.9444942e+00
   3.8598118e+01   5.7564712e+00  -2.0502927e+00
   3.8626575e+01   1.1174126e+01   7.9506559e+00
   3.8682877e+01   8.9664965e+00   2.3838801e+00
   3.8717655e+01   2.7775152e+00   8.5178919e+00
   3.8789536e+01   8.4485245e+00   1.0283730e+01
   3.8830467e+01   8.6236499e-02   5.7914705e+00
   3.8868256e+01   6.6140275e+00  -1.5859227e-01
   3.8928665e+01   3.2836833e+00  -1.8340666e+00
   3.8986488e+01  -1.6087117e+00   1.7419777e+00
   3.9208157e+01   8.5259418e+00   7.9523902e+00
   3.9300331e+01   8.0932903e-01   5.4290522e-02
   3.9317219e+01   8.1539097e+00   5.5335402e+00
   3.9327644e+01   6.0109320e+00   7.7139344e+00
   3.9513885e+01   1.0556761e+00   3.3031578e+00
   3.9525063e+01   4.0528226e+00   6.8534583e-01
   3.9540348e+01   3.0871353e+00   5.5855098e+00
   3.9557980e+01   6.0920725e+00   2.6699400e+00
   3.9755764e+01   5.3561273e+00   4.9020581e+00
   3.9789974e+01   3.3718956e+00   2.8876841e+00
