-20.03167564	28.84707956	8.900412472
-21.70854034	27.56848752	9.188053889
-18.9697768	29.67489925	10.82016832
-20.57882228	28.50294546	11.20342883
-22.2330484	27.0611528	12.58397971
-21.85575597	27.57394093	15.72824582
-17.76810603	30.12913292	10.14475089
-20.84682083	27.53946885	5.896348623
-19.78172808	28.80743702	13.90062104
-22.37591425	26.35431907	7.251474464
-22.76776799	26.22355944	9.56033828
-17.96388099	29.72713542	7.687632751
-17.90601242	29.849724	12.10642511
-23.53773225	25.80289718	14.12190212
-21.46275205	27.64387068	19.17180014
-19.44437	28.78718332	16.35826269
-23.70628055	26.04115386	20.40315276
-24.06220706	25.47366222	17.67047938
-21.67676066	26.04876426	4.017485597
-19.2482328	27.91491256	4.376494573
-23.12875954	26.2200035	22.36240617
-16.11487079	30.08916166	6.586917379
-19.94365603	28.04382702	22.13499162
-24.17078409	23.84391551	10.52371701
-23.20287734	23.65531572	4.196402884
-22.11359938	26.42098118	25.0736106
-17.53352683	29.07190173	18.53412462
-23.87295832	23.42157885	6.937279757
-15.91825301	29.78446238	14.6994374
-25.72485676	23.27775233	21.08728134
-14.6277365	30.46281036	10.31287164
-25.28358042	22.95588744	14.12190212
-22.36763786	23.76034379	2.394412372
-26.20114621	22.34357034	17.5797229
-25.23645491	23.55180019	24.3996725
-25.13154936	22.23776912	11.33169482
-13.81054464	30.51012324	7.015587068
-16.02790345	28.98438457	3.804346604
-18.26638331	28.18996091	25.16322564
-24.43718989	23.9593602	27.24933751
-15.13259403	29.59888292	17.08119347
-16.49985065	28.99650902	21.72529005
-20.89648766	26.52526707	28.51368186
-23.94249674	24.39425206	29.79920839
-20.62139625	24.7178657	1.511094596
-26.47853565	21.28113069	15.77315932
-13.54244839	30.26127542	13.02064264
-18.8225683	26.351272	1.479074271
-18.31868862	27.86423277	27.46870875
-22.83066805	25.07279853	31.71849159
-16.24929994	28.89862809	23.72284529
-20.826318	26.28521332	30.76725592
-26.90423794	21.10023022	23.27025398
-24.37429432	20.2913564	2.73072701
-26.64871446	21.25029438	24.57969113
-25.75535271	20.76506986	12.06316109
-22.65093831	25.0520545	33.60435675
-25.76477322	22.04673202	27.68752532
-12.50375978	30.36611301	5.820473548
-25.28051753	20.62034246	9.810025035
-25.36056056	22.38464801	29.58667932
-27.07823384	20.05383224	16.85497636
-24.81004075	23.02616653	32.08583598
-13.35485901	29.73850285	16.31317743
-24.29509785	19.58981165	1.575284225
-27.27000822	20.06669722	19.12622504
-12.17076784	30.29566339	12.27973437
-14.78095199	29.1364337	22.95287523
-24.26112356	23.49421531	34.07238446
-20.36798896	26.16219659	32.40996112
-24.76891541	20.33431182	7.251474464
-13.65978818	29.43299735	18.80730701
-21.15278291	25.74571964	34.07238446
-17.4473318	27.72182635	28.94488891
-18.71831894	26.98132287	30.64191193
-22.94331408	24.49812671	35.17922911
-16.11453523	28.4021153	27.20539815
-12.30117212	29.98914014	14.29927359
-13.87506498	29.29410894	21.31521959
-20.4934718	23.63657846	0.480527614
-11.4296355	30.35571431	10.6505885
-17.35642205	26.53289012	1.383311154
-14.71896799	28.89049904	25.02878064
-13.34524895	29.38701295	3.487860129
-11.17057159	30.47225625	8.289878628
-26.26044705	20.73535283	26.27793372
-26.63638738	19.44223657	14.61038667
-24.40413684	19.34998613	4.053174702
-23.02893783	24.12071068	36.35898336
-19.37556352	26.35112112	33.64357681
-27.46062073	19.18530702	21.54307591
-26.03920655	20.69515596	28.25373518
-27.49192842	19.1258285	23.179619
-24.76990968	17.73383731	1.769045323
-27.15944427	19.32201483	24.44469676
-16.53647342	27.56557674	30.47434697
-24.00537401	17.94399719	0.148844415
-22.32333621	20.30498811	0
-25.45061515	20.73771069	31.75944669
-19.67835231	25.64693312	35.77469246
-27.76614515	18.01686579	19.62771563
-25.1973896	21.1125715	33.95591526
-10.17313077	30.25985276	5.820473548
-24.60172945	21.82647378	36.10474652
-11.72970103	29.31065157	20.54000162
-23.33503934	23.03904147	37.76946325
-25.79505539	20.11638412	29.84162755
-13.31975329	28.72440767	26.98538305
-25.37926118	18.16705681	8.289878628
-9.841738217	29.93293122	12.71473294
-11.7091346	29.13915973	23.04359883
-27.52667609	17.4518499	17.5797229
-14.99426973	26.99070738	1.351489362
-26.14400888	17.75121761	11.4173448
-16.35004146	26.95301342	32.73176788
-13.9981442	28.12491131	29.41614352
-10.99215688	29.51888943	3.418058428
-10.12853962	29.55838851	16.31317743
-9.154108885	30.06059278	10.01898968
-20.83879259	24.57427929	38.44730698
-10.40729683	29.33888088	18.98952167
-11.77827824	28.94263166	25.61036758
-24.83869751	15.5924138	1.671941211
-23.20739398	22.30260054	39.55763677
-21.28377809	23.83327169	39.65309568
-24.94355245	20.3167076	37.7350891
-26.90798029	17.60948435	25.78876842
-16.38790882	26.29461608	34.91526887
-27.40604122	16.90411867	23.63240858
-26.25217372	18.00558114	28.03643723
-8.028411529	30.02278306	5.368896792
-17.95660675	25.312966	37.63169172
-25.00310118	12.85055409	0
-24.80106689	16.17762981	5.706986905
-11.63817273	28.28590627	1.801512723
-24.68764973	20.08488982	39.8428108
-7.586508743	29.66209761	11.54602615
-25.67353049	18.02538864	30.51628496
-7.198155362	29.9033256	7.927511824
-26.1329996	15.77837304	10.52371701
-8.305735421	29.22337698	18.21566032
-9.651479809	28.87909521	24.98393591
-1	0	-1
-25.35435706	18.3831685	32.69167064
-8.521366532	29.65811336	3.698419929
-1	0	-1
-19.01087211	24.36202985	39.30110495
-25.55678086	15.74723301	8.655229372
-25.14105023	18.56141901	34.76350719
-24.82546663	19.30564589	39.0090484
-27.61059503	15.50364001	20.58561638
-14.62568442	26.43078879	34.49631934
-12.30356529	27.59149243	31.51320227
-6.916565001	29.66769458	9.97713268
-15.82234584	25.85262619	36.06824982
-24.52945112	14.39495114	2.427821835
-8.302155678	29.00322947	20.63123014
-27.07790905	15.1776505	15.05632559
-9.878027119	28.52275651	27.29325535
-23.84031986	20.15458286	41.05481209
-8.554099849	28.8819144	23.27025398
-20.81363909	22.7259209	40.82262839
-25.17621439	18.50525082	38.07676594
-25.25104852	11.60728103	0.450132764
-7.257994695	29.217286	16.53872456
-13.18693154	26.89709022	33.28919317
-10.6695313	28.11974707	29.71428305
-14.76035999	24.99541545	0.359239317
-6.441337137	29.25614494	14.12190212
-26.47901562	14.51719364	12.10642511
-27.49940268	14.40092698	17.94293909
-1	0	-1
-25.02906307	17.82885815	36.8253343
-24.98244839	18.14020811	40.12440497
-7.846064786	29.24134651	2.934876493
-26.72536757	15.34169152	26.10030625
-25.82210152	14.14700862	9.685034151
-5.20230248	29.23106605	11.54602615
-5.986751548	28.88686892	18.12472608
-5.041813927	29.35633971	9.726665164
-7.245786368	28.5196247	24.89420267
-21.65645404	20.81782947	43.31838295
-12.717782	26.14686065	35.10402375
-9.716165893	27.78777448	1.447103597
-5.050609239	29.63279974	5.593893617
-24.22328801	18.21396584	42.95006666
-5.358770952	28.93847411	16.17799643
-10.73792948	26.9847494	32.97156971
-25.93173434	15.27437648	28.60012973
-27.11427398	14.02081856	23.67763224
-15.07760484	24.83146246	38.07676594
-26.85617406	13.30548085	13.94483801
-9.359025449	27.57932759	31.18298521
-17.51541187	23.47921972	40.12440497
-25.36284896	15.67752466	30.93393563
-23.90700474	18.34253825	44.51289769
-6.116929294	28.53999617	22.54422101
-25.03215811	16.00948675	33.05120347
-1	0	-1
-8.025673217	27.94782088	29.20234604
-24.78089003	16.84888935	41.4257756
-24.89748855	16.41670025	38.31320772
-24.19422619	12.16552175	3.175276178
-22.79407092	19.02097779	45.38386418
-24.8243051	15.88279593	35.14164769
-1	0	-1
-27.25077787	12.88256671	21.77083256
-24.82774628	15.77948315	36.35898336
-27.15231856	12.41663737	17.30765966
-1	0	-1
-1	0	-1
-19.01123162	21.65093751	43.73227403
-25.79020809	12.30651211	10.35497941
-3.125657008	29.1432113	8.777661444
-1	0	-1
-4.707650701	29.2057593	3.45293516
-24.71884448	16.25661735	44.28344779
-3.109578228	28.90053122	10.905135
-3.769528226	28.5557984	17.3983119
-20.28431594	20.49085263	45.0631424
-9.849852701	26.29862113	34.41960788
-27.14457574	12.05283528	19.81014558
-4.940158098	28.15057556	24.17436131
-24.70992141	12.04422991	6.937279757
-3.297503517	28.60636558	15.45906791
-7.061259994	27.41772727	30.72550623
-17.30499522	22.25797102	42.53519672
-3.703611381	28.31895373	19.90136966
-2.657686864	29.42229777	5.481196115
-1	0	-1
-11.28733763	25.34792436	36.53924572
-24.64501256	14.93457914	37.2490465
-1	0	-1
-5.231917718	27.87701539	26.72068219
-1	0	-1
-26.28498604	11.55725268	12.75836468
-6.643662114	28.07524529	1.704259567
-24.7990239	15.20802529	42.90399781
-2.477629681	28.6141527	13.10825111
-24.31071121	15.88384244	45.93329648
-24.7208823	14.8357625	39.93707064
-3.826060421	28.10878333	22.40787004
-5.739524485	27.54191938	29.24516067
-24.56405957	14.52302704	36.28656624
-26.68288021	11.21262161	15.50389412
-7.40778534	26.83469066	32.65153645
-24.81745247	14.59461304	41.70359564
-14.75426616	23.211935	40.17103592
-12.80678524	24.17281315	38.58067194
-1.677653475	29.16353812	7.015587068
-26.90274622	11.37822152	21.58863578
-22.00088962	17.87658728	47.07671509
-17.77837369	21.36274046	44.37524142
-23.99311992	8.2504775	1.098699233
-26.62591033	11.60828732	23.31555751
-25.95346032	12.31504246	26.45526374
-10.69163742	24.86421792	0.329038328
-25.20835084	13.03535821	29.5014678
-24.74843719	13.5075358	31.67750208
-1	0	-1
-1	0	-1
-24.43950517	13.71305726	33.7610009
-23.732309	9.976295069	3.348449881
-1	0	-1
-24.31601345	13.67005125	35.44110255
-3.093329675	28.8713047	2.900729049
-1.431351165	28.11921483	17.26234735
-0.74833209	28.47817688	10.99021815
-24.35707304	13.52617655	38.5473995
-2.630696227	27.69838134	24.03902771
-0.856325739	29.12645913	5.108426636
-24.7696788	13.43006	44.51289769
-1	0	-1
-4.759778383	27.02423251	30.80897383
-18.39800362	19.84579902	46.25360543
-7.444095747	25.84787573	35.17922911
-0.080809883	28.62341056	8.900412472
-26.58642653	9.898280927	18.35210941
-24.31319822	13.91013202	48.44725734
-0.509426924	28.11696894	15.01165606
-1.497575886	27.73012854	21.63419152
-9.952786101	24.50718993	38.07676594
-12.3897501	23.27073275	39.93707064
-22.30604232	16.01033054	49.45159743
-3.288662201	27.21441113	28.55691851
-1	0	-1
-4.647130923	27.58861139	1.607453543
-25.19375663	9.572245188	10.22874895
-24.53437241	12.48061392	42.39677637
-23.46560027	8.943454944	4.485109722
-23.76336836	13.92294451	50.68358664
0.94651877	28.74933641	7.212059946
-15.58321584	21.02971744	44.83394445
-24.22126746	12.24060479	39.55763677
-24.07955244	8.866809657	7.054801328
-9.362815492	23.75975319	0.029673612
-24.28596558	11.10770715	30.89231379
-19.32732392	17.64879037	48.85818469
-26.09855732	9.035836682	21.08728134
-23.83773793	11.90455681	37.21398685
1.279738854	27.94415262	12.97687229
-24.74592774	11.54791147	46.57378968
0.937074075	27.73215029	16.49359125
-0.235809379	27.31972696	23.2249411
-2.352851655	26.75919574	30.22207284
-12.67905346	22.22696499	42.71965393
-25.69669076	8.334947914	13.67983742
0.003623599	28.61318347	3.418058428
-1	0	-1
-10.48049312	23.33055918	40.17103592
-6.684909107	25.07069744	37.10853498
0.827129946	27.52300185	19.21737866
-1	0	-1
-22.43022432	14.13660385	51.82375943
-20.57451035	16.03270241	50.63796835
-24.90227278	10.98451847	48.17325273
-24.88809113	11.07590992	49.63415388
-23.70066402	12.67078075	52.2340741
-0.550404925	27.08283355	25.96689563
-24.47692377	11.62047169	51.41336273
-25.50081122	9.10508348	24.2645232
-3.113746305	26.30930173	32.73176788
-24.11315251	11.15957254	40.63668763
-1	0	-1
2.139965213	28.0191244	10.6505885
-23.80485228	10.9054516	32.85183689
-1	0	-1
1.789074817	27.70588057	14.83314371
-8.25586912	24.19893978	38.91087767
-1	0	-1
0.820304573	27.30011421	21.49751205
-1	0	-1
-1	0	-1
-25.94203712	7.941526706	16.90019901
-0.988199854	26.81177524	28.51368186
2.337282645	28.73141708	5.782601112
-4.434661987	25.69827191	35.32912817
-1	0	-1
-6.298697671	25.1128003	0.510971078
2.714261193	28.2141236	8.696004426
-25.94979072	7.861455676	18.89840579
-24.39185893	9.680134039	28.94488891
-25.04286287	7.521371489	11.4173448
-23.49722307	10.72340967	35.17922911
-23.72157562	10.75632782	39.04168084
-1	0	-1
-23.86013912	10.59349555	39.81130254
-24.86003642	8.960860652	26.49954875
-6.567501492	24.49325098	38.58067194
-15.93918464	18.98519245	47.7164716
3.392308935	28.39514246	7.330422591
-19.07548424	16.31966257	50.7292041
-22.86040838	7.109303092	4.997471316
-24.31995282	9.90517843	44.65051439
-1.620133073	27.14783317	1.639672538
-24.74255925	9.458847566	47.7621562
-1	0	-1
-24.00696988	6.911768405	8.859460221
-24.79655064	9.312259182	51.36775836
3.603481152	27.45215938	13.98907474
0.000660517	26.38843923	30.17992056
2.126706028	26.88780461	23.27025398
-13.02124635	20.4569012	46.11634623
-23.86369127	9.449870771	42.44292403
2.776156875	26.98010596	21.13287469
-4.160393823	24.96141992	37.59713433
1.737332757	28.1204454	2.900729049
3.832465062	27.19954413	16.49359125
-20.11187128	14.24767427	52.82658675
-23.0331398	10.92288963	54.23850113
1.361922414	26.51337815	27.77489296
-7.844901276	23.35450266	41.33309376
3.737069651	28.43538589	4.521407702
4.466096258	27.45739766	12.32312431
-24.4938697	8.912118838	53.14554072
-1.579573609	25.64951912	34.83947187
-1	0	-1
-24.61093179	8.276694601	49.67979076
5.02081514	27.59715427	10.35497941
-14.05995679	19.07755128	47.85352092
-10.33885313	21.67572296	44.74223764
5.159791739	28.25632949	6.432275351
-23.33935043	8.442777002	31.55432827
-17.22359903	16.31950158	50.95727872
-25.11377322	5.747440166	15.45906791
-23.82304725	8.135975222	44.00795223
5.775562647	27.80175474	8.411334812
1.097760061	27.23651842	1.964594789
-0.626187516	26.41052719	1.287994569
4.730086316	26.75395824	19.99259828
-1	0	-1
-2.730407562	25.08008016	0.694655838
3.643223286	26.39037569	25.61036758
-21.33425725	4.0720823	2.327741757
-24.95437992	5.419249915	18.44310562
-22.75171297	8.31160546	36.86089273
-24.2079581	7.545504723	55.0119844
-20.56041615	12.12149861	55.37572952
-22.8119927	8.002180177	33.7610009
-1	0	-1
-1.235230223	25.14372663	36.86089273
-24.31565882	5.023880958	12.23636935
3.346623903	26.23296745	27.3810259
2.844834498	26.0900752	29.20234604
-24.13553044	7.051155714	47.6250978
-1	0	-1
-12.43935044	19.29043901	48.08190762
-23.05572723	7.790066653	40.31085549
-1	0	-1
4.910427721	26.45387758	22.86211816
-1	0	-1
-24.54273379	5.525519996	21.95295419
-1	0	-1
6.506827771	26.94454639	14.21054999
-22.18073714	4.721792999	5.896348623
-8.236851597	22.04524992	44.92563525
-22.7228924	7.81840458	38.58067194
-23.27323548	8.153024644	56.96474081
6.006240726	26.69585139	18.21566032
0.624257441	25.42636307	35.06635737
2.042997144	25.72836455	32.45031485
-23.17865334	6.834279834	29.96870953
-22.57034465	7.670175377	35.40382074
-10.18091218	20.64558943	46.89386215
-23.56662683	6.325702855	27.73122063
-23.70407019	6.803246507	45.42966766
-21.22350738	10.49908828	56.96474081
-13.95397444	17.55910416	49.86232954
6.602089388	26.74332968	16.49359125
-24.01067815	5.676757343	24.93907654
-3.336744903	24.25822161	40.12440497
-1	0	-1
-24.14556612	6.133088389	49.63415388
-1	0	-1
-6.069886303	23.01454006	43.50239243
7.395890764	27.22799673	10.27079478
-24.33848728	5.904424216	53.28221357
7.377083531	27.01183855	12.01992265
-1	0	-1
-23.1754184	6.796432223	42.99612883
-23.41752557	6.56466358	44.37524142
-24.59512231	4.218737753	16.17799643
4.578590861	27.42127592	3.003318112
-19.53065371	11.89570022	56.42042518
-24.14252651	5.629548846	51.04850257
-23.43748358	6.795017176	58.32273862
7.118858383	27.81923447	5.071396325
-1	0	-1
-22.96321335	3.932953403	8.818543172
7.885209836	27.63940536	7.015587068
-17.61304039	13.49171502	54.5115703
-24.30839163	3.759532378	14.6994374
1.179164484	25.78188472	1.351489362
-24.06288263	5.263560491	56.87406126
0.836945527	24.94083001	37.38882949
-21.61894331	8.407479231	59.13523092
5.652392296	25.865549	27.51251697
7.602072217	26.31311487	20.12944724
2.630611574	25.25086042	34.95310429
-15.02136418	15.24575954	52.46198793
8.818673845	27.15986216	9.023479253
5.058219095	25.64804499	30.09552571
-22.12427071	6.066811783	34.38119055
-22.32950066	5.755292187	32.24818499
7.409421101	26.1013606	22.45332723
8.327627609	26.38043625	18.07926893
-7.050053043	21.49270909	46.71097657
7.066832271	25.90363621	24.93907654
-21.96397315	6.006278544	35.84834494
-3.890920937	23.27678403	43.96201892
-21.95831594	6.00623106	37.4236612
9.003550027	26.43933402	15.81808687
-23.3372368	4.648839312	46.75670114
-23.33767258	5.059644211	59.72075538
-2.068445908	23.03670934	0.208716756
-22.52463876	4.890238222	29.84162755
-23.78761889	3.911286765	52.27965918
9.708775447	26.70524647	11.11805901
-10.10704565	18.77048441	49.54287746
-23.60771954	3.946470663	50.27299193
-18.05503633	11.34369626	57.41788176
-21.57687531	2.568547458	6.509512963
-1	0	-1
4.651045614	25.15166648	34.07238446
9.09631196	27.45671205	4.776787018
-23.73960048	2.450124019	16.31317743
-21.83106496	5.345416961	38.48071703
-21.6785314	6.615059046	61.8267816
10.15935996	27.09457451	7.607980152
-22.6279086	4.109769219	28.25373518
6.767098487	26.83634125	2.832581086
-1	0	-1
-22.07021284	2.085335903	8.168754009
-15.94282331	12.80087311	55.55753531
-1	0	-1
-22.01727923	4.725645738	40.40400857
-0.600406964	24.08147153	42.02731259
-1	0	-1
-23.05752708	3.191821195	24.80441197
-22.77679017	3.485245556	26.58806086
10.50078101	26.28051888	13.32766117
-22.11034772	4.492548205	41.88862853
-21.75863354	4.749386144	39.49377364
-2.410638604	23.38439543	44.65051439
-23.19015887	1.709338093	13.59166711
-23.06243618	3.086103948	48.31026065
10.49341262	27.03809259	5.896348623
8.826271502	26.92632782	3.804346604
-22.7076416	3.922335635	62.49468011
-22.39864682	1.565518949	10.27079478
-18.88211648	8.981101813	60.97766028
-1	0	-1
-1	0	-1
-23.31930385	2.012745577	19.30854539
-14.38914639	13.56358209	54.55707421
-1	0	-1
-1	0	-1
9.964144793	25.73202802	22.043984
6.767221794	25.10456394	32.20765118
-23.6808628	2.168769959	58.5486225
-18.91458419	-3.040020866	0
-23.45550075	2.303840891	53.87429486
5.595507788	25.7614728	1.997360171
-22.28821607	3.533387383	44.74223764
8.08687753	25.27690328	29.28794786
-21.71129723	3.798349981	31.71849159
-21.36083767	5.458891504	64.0874966
9.073624016	25.39850459	26.72068219
-21.39318762	4.0718049	33.95591526
-20.09525812	7.098335051	63.55826271
-23.53471495	1.87952523	56.19346679
11.49592761	26.0562452	15.63846157
11.25387392	25.93514404	17.62509701
10.37370266	26.992101	4.667062318
-1	0	-1
4.181955246	24.54776242	37.66620333
-22.91121989	2.055509274	22.72592223
-23.41766272	1.951400932	60.61918113
9.893028912	25.45820427	24.3996725
-22.66575327	2.733379386	46.98529257
11.75940562	26.12664738	11.63194978
10.99273308	25.72352068	19.94698347
-11.79810315	15.38575964	52.68987173
-22.17289098	2.816484723	28.03643723
-21.13865287	4.054269465	36.06824982
-21.12357328	4.026445135	37.59713433
-6.882404727	19.59174464	49.54287746
11.99174092	26.28565292	9.643435917
-8.38871468	18.26142872	50.54672924
-3.926187432	21.76398328	47.53371769
-14.85631351	12.25446068	56.3750407
2.523591866	23.84335877	0.818091191
6.606011883	24.78490388	34.76350719
-23.04604805	1.68454139	52.05172269
12.08322033	26.5863182	7.528482573
-20.88537656	0.778334506	6.937279757
-0.282062026	22.22546001	0.089163578
-21.09692313	3.669969541	38.64707929
-1	0	-1
-1.342572894	23.08801703	45.70442029
8.296727139	26.12905186	2.73072701
-21.68821973	2.685659111	29.75676018
-9.364007488	16.9924155	51.50456869
-1	0	-1
-23.32686399	0.468850196	59.63074978
-15.52536646	10.80755451	58.72922617
-22.24257898	1.471471673	25.11842564
-21.15477689	2.819168592	40.54365038
12.01245981	25.31851937	21.67974299
-17.91328646	8.019260004	63.73487269
-22.5300038	1.042244954	49.9992246
-21.19426135	3.250027542	65.53303247
-22.59485771	1.05753988	62.98296533
13.22928838	25.58795467	14.61038667
-19.17942349	6.028862411	66.09815025
-16.3712326	9.392009966	61.33558731
-22.82576872	0.15790117	55.10293671
10.78682793	24.86219936	28.34048356
13.70341512	25.44365176	16.71937302
7.172161244	24.30962122	36.78973075
13.75007494	25.87709412	8.53311944
-20.9987513	1.891898005	42.35062106
-22.81140683	-0.45077803	61.15669463
8.962990277	24.40558708	34.22711247
11.94592947	24.78280226	26.10030625
-1	0	-1
-22.47964328	-0.20181501	53.4644224
-21.77639241	-0.721797322	12.23636935
-1.614164652	21.86115842	48.17325273
-9.263716266	15.29454335	53.00885461
-21.94716123	0.178442665	23.58717444
12.8627589	24.64355971	23.58717444
-2.906217747	20.72788211	49.54287746
-21.97087377	-0.209699464	22.27145897
10.87191678	25.45616003	3.20981385
-21.29644037	0.57672422	27.51251697
10.74363406	24.32125048	31.22437884
-4.442789487	19.33631989	50.4554868
-1	0	-1
-10.17685023	13.98703636	54.23850113
-21.95894326	-0.955498488	15.63846157
-20.54061795	1.267038392	32.12647656
-11.94770101	12.29500758	56.46580599
-7.138765161	16.77200283	52.1884879
-22.53287826	-1.273539737	59.18031118
-18.99575464	-1.343535289	4.776787018
-1	0	-1
-22.27968191	-0.937699092	62.93863097
-1	0	-1
1.591562945	22.83593662	45.56705832
-20.14148775	1.474589471	39.49377364
-19.95828889	1.640425148	36.53924572
-15.25971892	8.833186509	63.33722879
-16.43108795	7.520347271	66.27150347
-20.98202969	0.493244612	45.15479509
14.27365951	25.35893812	7.133350533
-21.94299594	-0.792028925	51.41336273
-18.74203434	4.229796976	68.75426938
-19.94374107	1.577679329	38.07676594
14.56887625	24.67330276	12.27973437
14.53139641	24.69157353	18.67069338
2.325973102	21.41915681	0.178756609
13.02422353	25.3646965	4.740166199
-20.17400738	1.945562833	67.86234213
9.582314483	24.66272354	2.327741757
-1	0	-1
-13.73044205	10.09816659	60.26017865
-22.23157435	-1.557806711	56.69265351
-1	0	-1
-21.24417308	-0.159729673	47.39663525
-1	0	-1
-21.32025184	-0.528856246	25.0736106
-19.92843657	1.052486947	34.57286597
-1	0	-1
-20.51940112	0.405001485	43.68630891
-21.5882595	-0.929459459	49.77106189
15.04166883	24.7897189	9.810025035
5.451362775	23.65880087	41.51841936
-17.00322462	6.063062016	68.71198898
7.417602809	23.46933634	1.447103597
15.17501248	25.02228334	8.696004426
-1	0	-1
-1	0	-1
-20.22890919	-1.916126585	8.777661444
15.49381868	24.61114392	17.21704443
-20.50507327	0.030944832	29.96870953
5.090537458	22.28713123	0.725441101
-21.54034745	-1.428307182	20.08383031
-21.3184168	-0.893348932	65.18400505
14.5845718	24.14482463	21.31521959
15.47973641	24.42731582	15.41425675
-19.98315655	0.44095447	41.14761278
-21.26186919	-2.096822978	13.10825111
-20.12392226	0.170152828	42.44292403
9.30307479	23.57641286	37.03800661
-21.75150415	-2.125837765	54.78455937
-1	0	-1
-8.719847397	13.77573477	54.78455937
-21.77636766	-2.471545962	62.31679909
13.44640895	23.71204266	28.4271328
11.35379898	23.50265869	34.11112709
-20.7417276	-2.574711412	11.58897445
14.28897542	23.71542343	25.65499297
-21.04865085	-1.77229509	23.04359883
-18.5235996	2.028215049	70.262771
-1.051869663	20.14257082	50.13611204
-13.8245481	8.568119963	65.75069162
-1	0	-1
-20.05970251	-0.397648621	68.2456228
-14.730134	7.257399569	68.79653009
-21.23205099	-2.591672426	52.68987173
-12.42826223	9.43872763	62.67239125
-20.5946123	-2.162239106	66.87619535
-19.84724848	-1.358923472	44.97147479
-1	0	-1
-15.91604352	4.786760302	71.41659471
-3.817389035	17.04556219	52.55314517
-10.66133642	10.48424147	59.6757561
-21.19766284	-3.902454431	58.50345705
-8.913507969	11.91053585	57.19136603
-1	0	-1
-20.39694258	-3.724429352	13.45956843
-18.81150356	-0.677757241	70.47010595
-19.16468148	-1.554840348	42.90399781
-12.506386	8.493614151	67.94764584
-1	0	-1
-1	0	-1
-1	0	-1
-1	0	-1
-20.75916504	-4.064516145	64.0874966
-1	0	-1
-20.47979927	-3.651010928	65.92454494
8.131421502	22.63334067	41.56472719
-1	0	-1
16.76451906	23.01476425	8.818543172
13.88884062	23.2455864	3.45293516
17.03083518	22.68563241	17.30765966
-17.04789335	1.340691816	72.87286956
-12.96237207	7.338734299	71.08875554
-19.97729321	-2.986466474	25.34227235
-15.19251012	3.885994159	74.41335255
-20.63273042	-4.446494246	56.46580599
-1	0	-1
-13.96665814	5.710495291	73.82560197
-11.21895853	9.25941656	65.22768459
-20.03004403	-3.4680809	50.18173951
-18.38859636	-1.319721798	37.4931876
-18.46570255	-1.454832122	35.88510554
-19.68118229	-3.058654512	47.8078393
-18.8690222	-1.934907477	32.69167064
16.98197996	22.53014782	19.81014558
16.97841721	22.51200332	10.77772898
-19.19726907	-2.348924156	30.60006756
-6.00110831	13.70021655	55.64842055
-18.54065219	-1.860124298	40.86908633
8.342557405	21.1570603	0.973491428
-19.50021011	-2.818897769	28.25373518
-20.23205016	-4.232494885	16.53872456
-13.72158993	5.315655103	77.03668288
-19.62142747	-3.254334083	68.33058956
16.83724009	22.33199802	21.58863578
11.99102912	22.45121649	2.194994386
16.14505641	22.07878067	23.76804758
-1	0	-1
17.11349989	22.23153333	12.23636935
13.9739633	21.99628862	31.96370237
-20.27581104	-4.533931731	54.10193844
15.09727695	22.0983671	29.07373872
15.65721795	22.09870692	26.89723094
12.06845489	21.9060297	36.21397133
-19.50243968	-4.672009152	10.905135
-12.48842362	7.163807083	74.53017504
-15.54381371	2.487781308	76.21492149
-20.53577718	-5.083610261	61.51433465
-19.96367624	-3.715707288	23.31555751
15.8890658	23.07555582	4.813453652
-16.82641971	-5.027758591	3.981843799
2.930242455	20.60734403	48.90383781
-20.0689229	-4.431400825	52.4164075
-11.84664337	7.486207418	77.88078597
-1	0	-1
5.953003052	19.73731121	0.268781202
-18.1596662	-1.925761409	39.20416106
1.286980886	19.47470767	50.68358664
-19.07408977	-3.192498592	46.34509878
-14.09553082	3.566237005	79.59271484
-18.35456407	-2.210143935	34.34273225
-1	0	-1
5.946870708	21.53023388	45.70442029
17.33317985	21.81267241	14.34366345
-20.31268077	-5.304238042	58.09671672
16.80524199	22.55285928	6.509512963
-2.365485642	16.33018288	53.32776814
-1	0	-1
-1	0	-1
-19.85541368	-4.286836817	21.49751205
-16.72978154	-0.032437001	74.91780778
-11.2046044	8.270457899	72.2295549
10.80293512	21.52643885	1.575284225
-3.482362321	15.09938764	54.37504534
-19.88234502	-4.675532739	19.12622504
-18.49598776	-5.284560927	8.411334812
-9.135015517	9.876319583	62.31679909
-1	0	-1
-0.345650769	17.71352138	52.32524311
-11.50891429	6.089005161	81.44030612
-9.716382695	9.210429935	79.55773037
-20.09522145	-5.801845922	59.40561449
-1	0	-1
-18.43927727	-3.365314726	44.65051439
-17.91950355	-2.557748972	72.39098137
-7.337093208	11.04852188	59.31551297
-9.886980617	9.050667469	68.83877104
-9.765280987	9.02992396	75.41759955
-15.20048322	0.224937847	78.88754962
-1	0	-1
-8.70411401	8.737945575	82.10484904
-8.764552195	9.559219979	65.18400505
-1	0	-1
-9.278473716	9.077282737	72.14869406
-19.36588076	-6.143386034	65.70719003
-16.55915472	-1.940242966	75.72281362
-1	0	-1
-7.402603618	10.93241254	77.8444067
-18.58259057	-5.369496277	69.80471909
-6.687958246	11.15488681	80.69726948
18.10208688	20.4477277	18.80730701
-3.294863408	13.61129018	56.32965258
18.06445281	20.4252716	10.01898968
-18.19740008	-5.051267251	47.85352092
-19.01354478	-6.604147269	55.46663821
17.73558224	20.08811221	21.22405312
16.84861644	20.02698154	25.92238996
-18.84789919	-6.555545678	13.59166711
-19.19272264	-7.138838305	60.70885109
-17.37216752	-4.287252886	43.18031208
-5.889003395	12.14301209	78.56644148
-1	0	-1
9.391488532	19.17318237	0.694655838
-1	0	-1
-18.99078019	-7.390855139	62.76118191
-17.57225616	-5.096681897	72.71264194
15.42269209	19.77217517	32.36957116
-6.165245344	10.3461811	61.60365265
-5.455130979	10.8994571	60.21526795
15.55180939	20.65234788	3.140787133
5.732698344	19.46338862	48.62990295
-5.578724565	10.8282698	82.33509589
-18.5103432	-6.115021036	23.13428783
-1	0	-1
-7.388488246	9.558734262	69.13389943
3.500965204	18.1613726	51.04850257
-1	0	-1
-4.249183652	11.89498604	58.95484629
18.34808839	19.3737269	14.65490326
16.24109153	19.31404439	29.15950408
14.46930452	19.45760294	34.72546216
-1	0	-1
-18.61633055	-7.415371844	58.09671672
8.284871728	18.22579509	0.268781202
18.2180594	19.24731081	12.32312431
-7.258751321	9.599865866	71.00656423
-5.356257849	12.04638529	77.33203205
18.19958175	20.11493855	6.859134756
11.81119636	19.49446584	1.287994569
-16.49951959	-4.313416617	75.07209015
-15.34110214	-8.080995184	3.522833282
-16.69682752	-4.355620054	36.96729686
-17.55934445	-5.303890474	30.76725592
-6.213149854	10.82278493	75.6847605
-0.631022494	14.91259405	55.4211853
-16.83871525	-4.611703188	35.29171753
-6.916845219	9.849938358	73.50968901
-1	0	-1
-4.461212868	12.72036143	78.95858699
-18.06691779	-6.88027401	52.91772343
-16.57086943	-4.442694837	38.5140812
-18.42751073	-6.633222981	21.40637294
-16.67226571	-4.750543332	41.05481209
-1	0	-1
-17.82956722	-5.79938218	28.4271328
-17.91226667	-7.591993657	10.60826794
-18.50876732	-7.191933889	16.85497636
-18.06508745	-6.191101707	25.87786677
10.64508504	19.80457327	42.02731259
-18.13324013	-7.187635739	68.54267171
-1	0	-1
18.20964565	18.77559467	16.62902603
18.26500708	19.25922714	8.411334812
-1	0	-1
-1	0	-1
17.6003276	19.94229701	5.071396325
-15.21140918	-3.349596564	78.02601086
-6.439474492	9.655745154	67.17730954
-1	0	-1
-1	0	-1
-16.71705602	-7.917109018	7.054801328
-5.867352871	9.902936742	64.17552549
-13.98980663	-2.413130633	81.20528626
-1	0	-1
-1	0	-1
-16.94533965	-5.30558879	33.09096363
-16.89716715	-5.753566338	45.8417548
-1	0	-1
-1	0	-1
-1	0	-1
-17.40383087	-6.640227849	49.86232954
1.940165377	16.28928459	53.4644224
-18.21854989	-7.249149532	19.81014558
17.31814643	18.26100939	23.94874644
-1	0	-1
-3.741540004	12.01640649	81.60739473
14.60761824	19.63571273	2.194994386
-18.17700334	-8.180825283	64.39536984
-16.25852594	-5.113188126	39.71651181
-4.313122935	10.85671929	61.20143122
-17.01179289	-6.315635546	47.44233107
-17.88857231	-7.840728126	55.05746185
8.021847532	19.14602939	46.8481439
-1	0	-1
-1	0	-1
-1.888708526	12.90770466	58.32273862
-1	0	-1
-1	0	-1
18.11532653	17.83027273	19.12622504
-17.08971078	-7.10701843	71.45746949
18.43426648	18.05314785	10.22874895
-17.68592806	-8.246292891	56.14806451
-16.35841225	-6.20458517	74.17897665
-16.81021393	-6.848609657	48.35592743
-17.64102506	-8.323976467	66.66060527
17.07162034	17.6807582	26.36663645
15.87785116	18.03891241	32.40996112
18.47052852	17.70187823	14.6994374
-4.248360662	10.39695568	62.76118191
-3.314177465	12.40739906	76.55278283
-5.038856761	9.882785121	69.72115867
18.56943445	18.18027026	6.937279757
-1.507501373	13.44514262	81.54063684
-17.43303917	-8.998574245	61.69293294
17.67084195	16.87734809	21.22405312
-1.474292322	14.00653207	79.38237728
-4.004988782	10.99197137	74.29628606
-4.476474708	10.26931969	72.2699485
10.96499391	17.31466339	0.541463214
-4.1987233	9.830552577	67.99026998
-11.75068657	-12.26689029	0.450132764
-1	0	-1
-1.988624559	11.36739193	61.73755878
-1	0	-1
2.516969012	14.79649732	55.05746185
18.39635251	16.15074712	13.45956843
-13.50495825	-5.053276029	79.97565934
17.73508456	15.85033635	19.49091358
-1	0	-1
-16.58651215	-9.715912869	9.726665164
-1	0	-1
0.158231913	14.49008126	81.20528626
-0.264215069	13.52615732	82.03884576
-1.13143169	12.07362971	82.40066535
16.41559746	16.33561043	30.64191193
-2.900779773	10.32858205	64.26350255
-15.68457287	-7.66059688	47.57940854
7.269194609	17.14536227	49.40595605
17.03995776	15.82872857	25.47639263
0.583079047	15.17950715	80.2864281
18.49488291	16.23288784	9.56033828
-16.57478799	-9.600176036	64.79024809
0.231314861	12.90213279	59.18031118
17.8055456	17.80259372	3.663206666
18.20779157	15.52313716	15.50389412
-15.45547049	-10.20589365	6.859134756
-0.016812079	14.38133214	77.98974847
-1	0	-1
-1	0	-1
-15.76332399	-8.627810715	51.13972295
-1	0	-1
-1	0	-1
17.12371709	15.10000024	23.36085155
14.79543613	17.58282972	1.543164578
-1	0	-1
-1	0	-1
18.66711002	17.32310122	4.923727668
-15.99983568	-9.177533318	69.04967735
-14.14659052	-6.645780497	76.92544773
-1	0	-1
-14.81670985	-7.319893101	43.31838295
-16.71597059	-9.211445222	21.26963792
-15.99224125	-9.441430116	54.92102185
-16.7014238	-10.00560226	13.67983742
18.45567854	15.34214394	11.37450596
12.30229806	17.11144567	41.93486503
-1	0	-1
-1	0	-1
-2.695975046	10.09265985	69.09179848
-15.32967396	-8.515706126	49.31467052
10.15557472	17.13523048	46.02482685
-1	0	-1
-14.70162184	-7.197884399	37.94064596
-2.103711878	11.0107046	73.15228903
-15.94118827	-9.851491374	56.78336538
-14.56839667	-7.23210793	39.30110495
-14.87772214	-7.38218231	36.32279705
5.184456032	15.29495801	52.78101639
-1	0	-1
-14.52501462	-7.380826283	40.77615966
-16.09068283	-8.667269795	28.51368186
-15.14573432	-7.685188541	34.5346133
-15.73459184	-8.300168388	30.93393563
16.78833831	14.93749939	27.99290547
17.75571056	14.47733109	17.89751014
-14.8265807	-8.177342013	73.98292413
18.91313947	16.40529138	5.934351077
2.337158706	13.5834297	57.01007435
-2.171890807	10.13026154	66.87619535
-16.56867899	-9.708790455	19.81014558
-16.27020385	-9.073877056	25.96689563
-16.61245124	-9.92614038	18.03381862
-16.38301731	-9.345085688	23.49667531
-2.172730305	10.50942582	71.25286124
-0.038900004	13.41481004	76.51535761
-1	0	-1
-15.85066588	-10.19295296	58.95484629
-1.096779675	11.96431881	74.60792062
15.52116867	15.39234188	34.72546216
1.551279284	15.0370454	79.17100285
-15.6152136	-10.04374141	66.83311089
-1	0	-1
17.23378617	13.80308867	20.54000162
17.18896929	17.05665633	2.494788952
-15.17818256	-9.573403526	52.82658675
-1	0	-1
-15.16055009	-8.430564146	32.77182807
-1	0	-1
-12.15370863	-6.091210011	80.79936004
18.82453568	15.04640313	7.887436662
16.50528297	14.54283437	30.68372485
2.373846766	14.99924917	80.86728414
-15.5574254	-10.59189049	63.1601893
-1	0	-1
1.525934052	13.18635333	82.10484904
1.431369828	14.3882256	77.44230785
16.84061888	13.71398192	25.47639263
-14.78426353	-9.397907823	71.70222186
-14.17070783	-8.541685199	45.97906306
-9.706792131	-14.84559468	0
14.31346001	16.23517796	0.973491428
-12.43140322	-6.955921201	79.38237728
-0.273186966	10.76232698	64.57100676
4.364781357	13.77141269	55.37572952
-15.19539715	-10.91258657	61.20143122
19.08335471	15.71934454	4.776787018
18.26010097	13.35169955	13.59166711
18.6169084	13.81160654	9.768328833
12.42232143	15.33313999	0.329038328
1.196346743	11.7218937	61.91596551
17.90199075	12.95649077	15.81808687
-15.03381588	-11.69991854	8.982422108
-1	0	-1
2.565630977	12.50552106	59.31551297
-1	0	-1
16.87094455	12.36597848	23.36085155
-0.20163307	10.5594756	69.88819461
12.73616625	15.16213255	42.95006666
0.477958397	11.33870428	72.63237686
-1	0	-1
-1	0	-1
-13.43068287	-9.804933671	48.21892331
18.94355195	15.11452889	3.557854567
3.748579939	14.83979285	78.098448
16.86112394	11.1745927	21.22405312
16.60987061	12.43146215	31.3070668
-14.09111133	-11.68152465	62.71679204
1.254149111	10.59699979	66.3148019
14.98469896	15.01671998	0.787158735
-13.87912742	-11.54785384	64.87784816
-1	0	-1
-1	0	-1
6.761432961	13.27315739	53.64660521
16.16737107	12.54568336	34.41960788
-12.80197481	-10.10771103	73.54927007
-13.70626859	-10.19651256	33.5650975
-11.34060833	-8.403532191	78.38702794
2.45239788	12.47903263	74.56906146
18.33435902	11.32205096	13.15208895
19.20385663	12.52831926	7.528482573
17.45765121	14.88166624	1.899212972
-1	0	-1
-13.74910389	-11.94911243	61.46966164
-13.97247555	-13.03522385	8.168754009
-1	0	-1
4.528992825	13.77560157	81.60739473
-1	0	-1
3.589476389	13.80645459	76.40290936
13.82050696	14.29606387	0.359239317
-1	0	-1
-13.00443392	-10.71020157	50.63796835
17.13717226	10.5502041	19.30854539
-14.37632725	-12.97586067	9.893514538
-14.79518789	-11.6804479	23.90358855
-10.20664452	-7.550887051	80.69726948
-1	0	-1
18.12272691	10.85414206	14.56588777
-13.50252281	-12.00391885	59.90068111
-12.66804247	-13.35149764	5.481196115
19.05518714	11.8016298	8.777661444
-14.788186	-12.19002872	20.03821394
-13.40142474	-11.89268851	57.55373637
17.69083413	10.53432103	16.71937302
-13.27776752	-11.68975461	55.60297943
-1	0	-1
16.90454537	10.87825705	27.07345222
1.822545602	10.54756208	68.28811568
10.09163469	13.64750712	48.81253051
5.525222539	12.23150831	56.73801143
-12.36995151	-9.734145018	38.41385103
-13.76003942	-10.93425536	31.71849159
-12.00394119	-9.700948698	41.74986707
-12.07845679	-9.675690213	39.77975
-12.86668108	-11.20961283	70.22123813
-13.05569186	-10.31094491	35.17922911
-12.68030937	-10.00837432	36.89640599
-12.90601717	-11.46252559	53.5099706
15.59748611	12.28565424	37.03800661
-14.4375186	-11.8454316	26.10030625
18.789591	11.00625092	11.20342883
-14.64325278	-12.72594895	17.35298122
-14.53839192	-12.27837129	22.043984
-1	0	-1
19.7096561	12.67970382	5.669245315
5.523258171	14.69922012	80.01030195
-14.37439484	-13.17480874	13.19594901
4.318248929	11.54227757	60.48461499
-1	0	-1
-1	0	-1
-12.76498427	-11.78383437	67.77696494
-1	0	-1
-11.33816882	-9.730653029	75.95053762
-1	0	-1
16.881583	9.524852308	21.04168542
-1	0	-1
-1	0	-1
-13.92322162	-11.77896578	29.07373872
2.603770089	10.96466328	70.71817548
-11.67942248	-10.19732049	44.28344779
-11.86874462	-10.55570355	46.61952087
5.789696952	14.95790903	78.56644148
-1	0	-1
-12.16287589	-11.11409266	72.10822693
-1	0	-1
-1	0	-1
3.519734843	10.89933495	64.26350255
-12.01221215	-11.11164386	49.04079099
3.237808757	11.60281396	72.75273674
16.93345462	9.345908024	23.36085155
-1	0	-1
-1	0	-1
-1	0	-1
5.728950056	14.49884695	77.58893417
16.48928853	10.89637679	34.14982936
13.62022399	12.66607377	42.90399781
-1	0	-1
18.53327451	9.678571617	13.10825111
-1	0	-1
-11.5861117	-11.15187294	48.03623306
19.57397495	10.81594974	7.488792191
19.76225487	12.91210599	3.418058428
3.557738982	10.65852605	66.83311089
-1	0	-1
-12.94214555	-14.43862912	9.311844852
8.599555815	11.72442968	53.05441809
-11.96067808	-12.94386484	62.36128506
16.95432507	9.559371489	31.26573941
16.24721102	12.75547901	0.787158735
5.452779573	12.92932959	75.26431875
-1	0	-1
17.57993167	7.681615018	17.85208861
4.960660967	11.11383206	71.53914837
19.02511249	8.30528898	12.10642511
-10.36433453	-11.78052111	47.30523846
6.996149583	10.75649994	58.32273862
17.16229721	8.224224355	28.6433154
-1	0	-1
-1	0	-1
-11.08863131	-13.29472398	56.55655643
-1	0	-1
-8.736725524	-9.983429745	78.4588809
20.16116593	9.686943579	6.625681887
13.47884732	10.97028344	44.37524142
10.51494045	10.91161797	50.22736614
-1	0	-1
19.38320262	8.23098059	10.69293894
17.1546224	7.199790715	23.85841935
-1	0	-1
8.215837726	10.63093899	55.64842055
20.48925945	9.987558136	5.593893617
17.26156522	6.917069689	21.26963792
-1	0	-1
-1	0	-1
-9.583347809	-11.45814032	42.76575032
-12.19699883	-13.43670384	30.89231379
-10.44342322	-12.81600653	69.42803565
-9.6214688	-11.62811344	44.28344779
-1	0	-1
-1	0	-1
6.068441698	11.68296912	73.58882495
-11.59590452	-13.03060524	33.17036998
-1	0	-1
8.208929183	13.99792598	78.81639601
-1	0	-1
5.442167748	10.41809927	69.09179848
20.62605553	10.38637296	4.340382692
-12.87519188	-14.71720335	21.49751205
-9.617356702	-11.85607676	73.66785599
-9.857473501	-12.37243721	48.81253051
19.68842383	11.26631051	2.394412372
-9.551456389	-11.92684299	45.88752708
-10.46671794	-13.48472232	65.35863611
-1	0	-1
-12.7910929	-14.63988017	23.54192997
18.69821791	6.996149757	14.43249859
8.633961988	13.68856859	80.2864281
-1	0	-1
-9.86835324	-12.61792877	71.25286124
7.847748501	11.9622405	81.60739473
17.29538334	6.858078353	26.2335544
-9.790664777	-16.07105691	4.594142618
-1	0	-1
-9.108952934	-11.72515209	40.35743795
-9.809288087	-13.00242272	51.55017026
16.51220576	8.412723385	36.43122229
-12.63351642	-15.36939067	17.3983119
-10.14230712	-12.41373601	37.03800661
-10.23039405	-13.8621138	59.31551297
12.23562215	10.02088503	47.4880252
6.134003579	10.21344117	66.48783424
-10.70796482	-12.89710274	35.29171753
-1	0	-1
19.96671295	7.88200177	8.53311944
7.910661665	13.14551721	76.70219545
-1	0	-1
7.058623032	10.1155126	61.69293294
-12.60538451	-15.23159539	20.03821394
-1	0	-1
-1	0	-1
-1	0	-1
-11.38985052	-16.11948671	8.370812769
-6.696653926	-9.66954805	80.90120546
-9.826962224	-13.61881094	54.42055583
6.505405011	10.98662812	72.10822693
-9.301911108	-12.13962989	38.68021423
9.880783809	9.827239091	53.14554072
-9.975332264	-14.01118405	63.46988496
17.40488024	6.624776451	28.55691851
6.79955123	10.0841931	64.61488233
-9.694365246	-13.51398031	67.81966269
15.50087924	9.886000815	0.208716756
-9.026340149	-12.55977741	47.25953743
17.2782451	10.79483393	0.663919552
17.39549985	6.98955637	30.9755252
-12.11246641	-16.06499257	13.59166711
-11.85414792	-14.61157911	29.33070748
-9.795207331	-14.10119649	57.28198576
-12.1638984	-14.98184213	26.76484961
-1	0	-1
7.841922923	12.30497794	75.14906504
-11.61426648	-16.39706106	10.35497941
18.69220022	10.67391303	1.256321535
18.22808459	5.552679216	16.85497636
6.800718706	10.52697027	71.00656423
17.79108707	5.339156429	18.80730701
19.63105319	6.490935941	11.16072975
17.39827962	5.507304616	23.99389287
20.79918855	8.227774024	5.820473548
-9.540480883	-14.28405089	62.18327914
-1	0	-1
-7.850762706	-11.62844843	76.177238
-1	0	-1
-1	0	-1
-9.365256432	-14.21430563	56.19346679
11.35198855	9.060639374	50.22736614
-8.020147224	-12.52435174	44.46701674
-1	0	-1
14.45800061	8.262978264	43.87013683
9.314010866	8.975156528	57.50845617
-7.431002967	-12.61498612	42.39677637
-1	0	-1
-1	0	-1
21.16811222	8.041426812	4.017485597
-6.125398784	-11.38541062	78.38702794
17.66006624	4.002126098	22.72592223
19.01461157	4.344698291	15.72824582
-7.891771661	-13.99708301	69.46997289
-1	0	-1
8.446026379	10.30623695	72.31031747
20.56918014	8.489070498	2.361052338
-9.985945628	-17.78595603	8.370812769
-6.842512148	-12.96047834	40.72968002
20.24795265	5.047074964	9.768328833
10.53327523	11.92996641	80.11406028
-7.999580651	-14.88777184	57.64428253
-6.876936866	-12.80469064	74.49126139
-7.909153488	-14.55194439	66.79000959
17.82800072	4.429656412	29.37343941
-7.200016647	-13.4506387	72.35066178
19.48894186	4.136100051	14.34366345
-1	0	-1
-4.971802652	-11.16938531	79.94098842
17.73024385	5.063201338	33.44708551
8.891490436	8.929287373	63.99941637
17.33716566	5.46394735	36.17760733
10.00633137	11.57840583	75.6847605
-11.0149776	-17.40188718	19.90136966
-1	0	-1
-6.694271411	-13.57569503	46.89386215
-1	0	-1
-10.47157369	-16.5586884	28.68647539
19.16048715	7.991539518	1.193124104
-6.677144625	-13.42403018	39.55763677
-7.118997393	-13.7429033	38.5140812
-7.404424512	-14.88553621	54.28401796
18.10477569	3.04199641	20.63123014
-1	0	-1
-7.422498818	-15.01362121	55.83015431
-7.530303261	-15.03738028	64.26350255
-9.847294175	-16.10677647	31.01708241
17.45794023	7.560414626	0.419786472
-1	0	-1
-5.808616016	-12.45992958	76.36536914
-10.86253784	-17.50142501	21.86190333
-1	0	-1
11.26298488	7.391140247	53.82876052
9.042095804	8.848380597	65.96796968
8.991549866	9.453895323	70.55288511
-10.19356902	-18.32872373	11.28891149
-1	0	-1
-1	0	-1
-10.68199552	-17.9356413	17.53435719
18.84818278	2.961913332	17.48900003
-7.256957584	-15.30196197	61.73755878
-6.559219653	-14.27660184	49.72542676
-1	0	-1
-1	0	-1
13.26964201	6.706077808	48.49292049
-8.137287689	-15.18491392	35.44110255
-1	0	-1
-3.540446391	-10.97869379	81.20528626
-8.777312542	-15.83313255	33.48646179
14.86995387	6.212327145	44.46701674
16.37523486	5.658578783	40.17103592
10.06425502	10.3731728	74.17897665
20.73445647	4.071658863	8.330327336
9.320358327	8.867417971	68.33058956
10.6546571	7.221165367	56.9194031
20.12856058	3.313623459	11.93352305
-6.873019218	-15.42403899	59.6757561
17.93294669	2.546518659	25.34227235
11.35802457	11.52179564	78.20688457
-1	0	-1
21.3497441	4.92433489	6.048616983
-1	0	-1
10.61700416	9.175109479	81.60739473
18.02436191	2.251344237	22.63508639
-5.551471776	-13.68084004	44.28344779
-5.595095474	-13.70655804	40.54365038
-7.867450924	-18.90869146	5.669245315
-1	0	-1
-1	0	-1
-6.986414561	-14.7467386	37.35395214
-6.391159614	-14.99200702	52.59872195
10.07294924	7.816895481	61.64829754
11.20641324	11.27250941	76.66488557
-5.371707574	-13.69346487	41.98109302
20.54507039	3.392054627	9.643435917
-1	0	-1
-10.25593892	-18.00685025	24.3996725
21.13189249	6.586924703	2.394412372
-9.985946035	-17.71788369	26.9413173
-1	0	-1
-6.240682785	-14.98893631	68.07546251
19.78531595	2.471653138	14.78855776
-1	0	-1
10.6346644	7.102805687	58.90973448
21.69845682	5.744949541	3.663206666
-1	0	-1
-9.920652282	-18.95358946	14.38807183
-3.951118071	-12.13838247	78.42296902
-1	0	-1
17.75481006	3.717482776	35.88510554
-1	0	-1
-6.070845672	-15.40057231	66.35808426
-4.526054001	-13.36013352	74.84050086
10.45690658	6.572237501	82.30227555
-5.345513195	-14.86687358	38.81229623
-5.449344078	-15.74444976	54.96650439
18.1987888	2.430261773	32.97156971
-4.937993975	-14.59999011	70.96543416
18.23928564	1.352199038	29.37343941
19.48862767	5.382843482	0.818091191
21.34111283	2.258189648	7.330422591
-8.050753474	-20.28233404	8.777661444
-1	0	-1
15.44422704	4.171894975	45.29224702
19.22248968	0.394508858	19.12622504
-9.245109547	-19.66986813	20.35753542
20.45014332	0.934137083	13.37160876
-1	0	-1
-4.81328274	-16.2505118	60.97766028
11.4981616	6.097156701	60.61918113
-1	0	-1
-1	0	-1
14.15218647	4.208229035	49.17773512
11.33155802	6.801031991	64.30747148
18.17372774	0.144879115	27.16143739
-4.61400166	-16.02938037	65.40225737
12.07239225	7.334804638	81.23893956
12.10247998	5.473244638	57.7348094
12.70912652	8.890794408	79.62767066
-1	0	-1
-3.729340401	-15.15839156	40.17103592
22.20017375	3.038452	4.667062318
18.71660773	-0.245000912	22.08949065
21.03804174	1.048552997	9.1056976
-3.924194569	-15.67436029	50.86605142
-1	0	-1
-4.093763002	-15.95517319	52.37082589
-1	0	-1
11.60462089	6.182937667	62.36128506
13.12248789	9.616277576	78.20688457
-8.105409032	-18.92761851	28.72960957
-5.699481024	-16.85074751	35.99512409
11.82536076	8.229648702	72.18913674
-5.19169124	-16.48723976	37.07329349
13.04539115	9.417540616	77.2952152
-4.081002287	-16.32238192	58.00627066
-1	0	-1
-4.217179072	-16.34004066	63.20446662
-6.242265991	-17.60980903	34.14982936
18.49044306	4.033047015	0.059394776
-1	0	-1
-8.180586426	-20.94581004	11.71798102
12.75162523	8.855126519	75.64667915
-1	0	-1
-8.39656215	-19.78723986	25.78876842
11.7725453	6.872888704	66.74689151
-8.672493921	-20.22653613	22.58965732
-2.850307698	-15.16866922	43.04218438
11.94009871	7.54337754	70.09650884
-1	0	-1
-4.356325653	-16.30885332	38.07676594
-1	0	-1
-8.603464661	-20.12627062	24.08415083
-8.554828456	-20.59602552	17.67047938
-3.660925312	-15.79958354	67.86234213
-0.801907471	-12.18312405	79.66259785
-1	0	-1
-5.636219792	-21.10294666	5.294252949
-2.967981479	-15.49425597	48.49292049
20.79790679	-0.116069638	11.67495201
18.35834342	-1.026094378	25.34227235
-1	0	-1
0.245124724	-11.61122931	81.60739473
22.03025321	1.37258891	6.163268723
22.17825961	3.332110963	2.663069946
-3.602906842	-16.03689078	39.07426777
13.68040155	4.060070873	53.19109984
-6.712687994	-18.62873614	31.67750208
20.25471288	-0.620526759	15.72824582
-3.456672304	-16.49450463	55.78472555
-2.524392014	-15.30637717	45.70442029
12.08651558	5.498807669	81.57402866
17.90202365	1.11383689	37.80379154
-3.309376353	-16.3716659	53.965358
-1	0	-1
21.65649944	0.51254342	7.330422591
-1.139445239	-12.87099528	77.33203205
-1.680005146	-13.48992302	75.60856958
-1	0	-1
-1	0	-1
-2.121046496	-14.21057711	73.58882495
11.28970611	3.614534441	82.13781399
20.67158324	4.028977359	0.756275385
20.73611395	-0.671776595	13.28373526
18.51547012	-0.26885919	32.45031485
-1	0	-1
12.91523784	8.091576911	73.9043162
12.32539676	6.865014818	68.45789655
-2.493737917	-14.85230734	71.90552617
18.28526079	-1.396404178	27.07345222
19.4796265	-1.318909957	19.90136966
18.40736653	-1.086918584	28.98786558
-2.668622002	-15.34383815	70.34577103
-3.231779585	-16.75680192	61.78217502
13.69564389	8.15870771	78.17076826
15.09945734	2.817170848	49.40595605
-2.916749181	-16.82017597	60.52947845
-1	0	-1
-2.508736449	-16.42407893	52.32524311
21.79719956	3.474666309	1.351489362
-7.797612698	-21.62967297	14.56588777
19.95440868	-1.61555189	18.35210941
13.12866039	5.979150526	80.3551792
-1	0	-1
-3.679312029	-17.61511603	37.14373106
13.10127377	4.540935429	61.78217502
13.76767177	6.627704147	78.92308283
-0.025936325	-13.28734649	76.32780022
16.80640339	1.531476689	45.15479509
-1	0	-1
-0.967687576	-14.75118679	72.71264194
-1	0	-1
22.86831671	0.376209904	4.850166024
-7.231214885	-21.40768657	24.08415083
-1.398156737	-16.43906827	50.7292041
1.421245559	-12.30973909	80.11406028
-3.962708676	-18.47518798	35.51553687
-1.769827381	-16.74960506	65.27134966
21.30528597	-2.130000918	10.10279891
-4.464106227	-19.24089242	33.52579915
-1.185415779	-15.92529666	69.30210011
12.93819091	3.646969894	80.86728414
18.99957027	-3.316259181	23.49667531
-6.453048182	-21.22086489	26.5438145
18.65380393	-2.627693576	30.80897383
-5.74796968	-20.61989839	29.11663493
-1.447185237	-17.15569149	59.6757561
-5.897751256	-22.90372774	9.146858562
14.30673012	6.81572119	74.49126139
15.19989299	2.095791717	52.46198793
20.48037382	-3.051335631	17.21704443
22.00725948	2.270663893	0.911183595
14.23382614	6.207873303	77.36881978
-0.462195814	-16.48538119	49.13208807
-1	0	-1
-0.919013315	-16.46846047	67.60599211
18.54863703	-1.427350837	37.66620333
-4.654454069	-20.21760368	31.34836092
-1	0	-1
22.37230302	-1.802874259	7.094055852
21.05975544	-3.212662491	12.93312469
18.75816799	-2.443854661	34.41960788
18.631903	-3.869352401	27.11745537
15.0000327	2.202454449	54.64807524
-1.68050726	-17.81330254	38.81229623
-0.069577603	-16.47773312	45.75020145
-1	0	-1
-0.669310633	-17.18808158	56.23886558
2.330901383	-12.44738871	78.88754962
12.19472816	0.704532592	82.03884576
3.177100865	-11.95053209	80.83333568
-1	0	-1
0.079334121	-16.52374821	47.53371769
1.155608113	-13.75320024	75.03356108
-6.433202742	-22.43382066	21.26963792
13.91079352	4.288158298	79.27681998
12.81462153	1.801218519	81.30616686
23.77455198	0.743983526	2.764629272
23.44629968	1.346675179	1.899212972
19.9315975	-4.094948368	19.71892719
-1	0	-1
18.25898001	-0.807340674	40.86908633
-1	0	-1
0.266804147	-15.41292533	71.12981667
14.14904566	4.107336344	64.79024809
-6.095267723	-23.44730012	12.23636935
-1	0	-1
-0.430331969	-17.28407312	62.00511006
-0.365836977	-17.42118069	41.05481209
-1	0	-1
14.5418758	5.55524778	70.92428122
2.123929402	-13.06989846	76.70219545
16.48150744	0.897806913	49.67979076
-1	0	-1
14.38650984	4.61458446	67.09136273
14.49985751	5.090894134	69.04967735
-1	0	-1
-1	0	-1
14.94662479	5.730778858	75.45584974
-1	0	-1
15.01446809	2.313000536	57.78006549
20.87677061	-4.221254452	15.63846157
23.84790102	-0.597515152	3.839750931
-0.006022146	-17.42652177	58.45828589
-1	0	-1
4.778443338	-11.30341765	81.77384145
0.384720835	-17.21726538	53.4644224
14.96463126	5.574244432	72.99277399
0.511533186	-17.16681294	43.96201892
-1	0	-1
1.496171117	-14.59993953	73.15228903
-5.975174457	-23.4104278	17.35298122
14.6944804	2.718769304	61.11194918
-1	0	-1
-2.998903312	-23.79350726	5.219787806
21.32912751	0.672347649	0.268781202
-5.942103121	-23.7484527	14.56588777
23.58080995	-1.768726889	5.145502042
-1	0	-1
-4.154241124	-21.37381284	29.41614352
20.65572388	-4.679114573	17.21704443
-1	0	-1
0.996812379	-16.9559264	49.04079099
-1.641004469	-19.21605786	36.96729686
21.86449949	-3.97361179	9.146858562
0.346553709	-17.52814017	59.8557105
18.81709604	-3.024516401	37.31902918
19.48155605	-5.24846009	22.45332723
19.08109111	-5.453964064	24.44469676
-2.161731835	-19.87990365	35.06635737
1.048521823	-17.11304514	50.63796835
21.47926969	-4.504279482	10.86263704
-2.763549942	-20.46156108	33.01140547
15.34768458	5.336835354	74.37435745
18.77421798	-4.863367669	30.89231379
1.000196776	-16.34889216	68.75426938
14.89534245	2.751556895	62.67239125
0.732652877	-16.95688907	66.48783424
0.615839363	-17.30842131	64.4832151
-5.041220009	-22.80650097	24.53470622
-1	0	-1
-4.391023313	-22.21587028	27.20539815
17.93608053	-1.046214135	45.38386418
-3.08299144	-21.18961742	31.01708241
13.26564374	-0.243918693	81.03662063
13.86518239	1.05025626	79.83680545
16.42922894	0.587742261	53.7376864
-1	0	-1
1.825098573	-17.40655802	46.29935335
14.86651709	2.821417687	78.02601086
15.52961587	3.839789264	76.44042086
18.9890784	-5.052521126	34.5346133
24.61790976	-1.288850459	2.866630567
6.119840212	-11.25449413	80.25201062
3.507253418	-14.1078313	74.06142541
12.93211503	-2.130841756	81.47377564
19.85292724	-6.717648867	21.13287469
5.053444029	-12.45371463	77.47900817
21.20494629	-6.207729451	14.38807183
-1	0	-1
18.74759538	-6.787166054	28.4271328
-1	0	-1
2.155440412	-17.83594046	57.64428253
22.8666758	-5.078598622	7.727516909
8.718135556	-9.05150791	82.00580726
-4.572835407	-25.08620452	13.19594901
20.78164608	-6.718590362	16.76456323
2.140029668	-17.61240839	63.60243349
19.46712675	-7.283767184	23.27025398
1.208925146	-24.81699682	2.361052338
16.30849341	3.896461482	71.49832073
3.438702502	-15.28645945	71.62073264
12.16977648	-4.371567893	82.00580726
19.02780592	-3.933341126	40.26426107
2.769387655	-16.86183423	67.56320376
19.04636271	-7.825049231	25.78876842
24.68939295	-1.344226319	1.607453543
16.58473781	3.606415185	72.59220668
-1	0	-1
0.590951189	-20.29641971	37.90650119
-1	0	-1
2.554944293	-18.70409402	43.59436201
16.48450032	0.917867252	60.75367367
-1.60842153	-25.5380975	5.706986905
3.139941256	-17.90060406	54.23850113
5.411691291	-13.34997761	75.14906504
22.29675484	-6.572414801	9.685034151
18.67080127	-2.996577105	45.38386418
21.66510211	-7.157807467	12.19302937
16.87276539	0.28762321	58.32273862
-4.012925785	-25.17132802	17.67047938
14.28663075	-1.171142264	79.27681998
-3.801852602	-24.86403678	19.7645356
3.135400254	-17.39605468	65.5765944
-3.935540985	-25.46109317	15.36946076
3.136698249	-18.49029423	45.20061596
-1	0	-1
3.589123531	-17.94605328	49.08644003
15.00650682	-0.064469177	78.38702794
-0.748182363	-22.05441601	31.92292091
18.10017223	-2.184461262	49.63415388
20.30719172	-8.109157956	18.98952167
24.6782006	-4.358185369	4.960576782
3.323520544	-17.96045603	59.76574758
-1.587161804	-22.95582753	28.81579999
16.76005821	2.41963669	67.60599211
17.30733189	-0.533573776	56.14806451
13.67096113	-2.872172086	80.01030195
16.75740042	2.8439467	74.45232054
16.70704168	1.79718255	65.53303247
3.561419338	-18.02433533	56.05724967
3.783046806	-17.94095054	52.50756716
1.69506471	-20.12221208	39.36550814
16.69755749	1.175836591	63.46988496
-0.008116934	-21.60471681	34.26569313
-2.79769243	-25.85279262	9.726665164
16.90890969	2.830043605	69.97158475
-1	0	-1
7.412730026	-11.68778186	77.98974847
4.18115375	-16.21785585	69.46997289
-2.34451653	-23.93312471	25.65499297
-1	0	-1
0.583309319	-21.17631925	36.32279705
18.93957491	-7.94377543	31.59542031
3.747674026	-18.37668498	46.89386215
19.13732719	-6.947047649	35.66388646
8.384835288	-10.72506576	79.27681998
12.92511988	-4.723089234	80.93509972
11.47364979	-7.042959792	81.33974099
3.594874802	-17.87031224	62.40576059
9.658792961	-9.347538871	80.38951292
25.52886873	-3.10475829	2.96907286
-2.784411009	-24.69893159	22.81672742
-1	0	-1
23.09548347	-6.912843192	8.289878628
3.952196962	-18.12700594	57.91580383
7.168824822	-12.44735327	76.32780022
-1	0	-1
-3.167401355	-26.17296888	13.19594901
-1	0	-1
16.35078888	0.888748482	76.70219545
5.790198383	-14.54150392	72.87286956
3.020788209	-19.8242415	41.88862853
17.92554381	-1.922990787	53.4644224
-1	0	-1
23.91086452	-6.760887276	7.094055852
24.36505661	-2.439453263	0.663919552
4.403555962	-17.7732795	64.1315175
5.586585743	-15.49231382	71.08875554
19.50221196	-9.604206026	23.72284529
19.91980193	-9.559185624	21.26963792
-1	0	-1
17.57760207	2.224628073	72.06773538
18.94938188	-9.596787645	28.12342897
21.30984786	-9.133969095	14.56588777
14.74118879	-2.872606979	78.67373963
4.958979928	-18.24428346	54.46606416
5.003908656	-17.07919683	67.26318693
20.77395079	-9.561619459	16.85497636
19.16025751	-4.838456244	45.33805731
12.46050056	-6.851656449	79.87156151
1.205745889	-26.18967027	4.376494573
9.340462567	-11.01930537	77.98974847
4.331976386	-19.80020349	44.19163538
8.145258676	-12.77214599	75.34101509
-2.349761354	-26.29179509	17.5797229
10.94917333	-9.587695904	78.78077557
19.51888932	-7.040215852	40.12440497
22.57108195	-9.143768561	10.48148689
19.17707221	-9.13508052	35.40382074
14.0832503	-5.354899064	78.92308283
18.33091592	-1.630543297	58.27754509
16.05880143	-2.151074861	77.55232134
9.413456081	-12.00347846	76.32780022
-1.500480429	-26.20405159	20.44876967
5.897775222	-18.17680872	61.69293294
-0.043896504	-24.8026158	26.49954875
6.033242546	-18.3952636	58.14193186
7.462025781	-15.2548931	71.37569643
19.01814881	-10.44500446	32.81185111
19.05583498	-5.210893205	48.85818469
6.376289781	-18.53269642	53.5099706
18.6604024	-3.166699894	55.05746185
1.255519939	-23.82394776	30.43237802
26.69626241	-5.002927701	3.071955103
19.75306836	-11.33464895	22.63508639
-1	0	-1
2.931043655	-22.26297677	37.7350891
18.60351047	0.663248818	68.58503025
18.50723593	-0.442440502	64.43929913
6.382701025	-18.00099899	63.51407985
2.019972716	-23.39599618	32.93169629
-1	0	-1
7.351153839	-15.98733446	69.92990038
18.33396391	0.41682194	74.53017504
18.01205023	-0.211231304	75.41759955
-0.601746196	-26.14250071	22.36240617
1.009846668	-24.65342975	28.16688869
19.07757383	-11.68970317	28.03643723
-0.419929115	-27.45844953	10.14475089
25.33958406	-7.976054685	6.355205338
18.97476464	-11.5101494	30.09552571
6.797019033	-17.60585843	65.5765944
18.94845557	-4.745014939	52.2340741
6.731933367	-19.13946007	49.72542676
21.52014446	-11.22182066	14.07760693
-1	0	-1
-0.022369798	-25.82605303	24.2194484
-1	0	-1
6.246398491	-19.88885356	47.0310048
-0.873316575	-27.42247838	13.72395352
15.42689805	-4.985875224	77.8444067
7.065038684	-18.86870935	51.77816369
21.13587313	-11.63311447	15.59359109
9.696894927	-13.16300151	74.41335255
18.70779583	0.21912324	73.43044855
-1	0	-1
18.91464693	-0.273827864	66.57425268
-1	0	-1
24.15913677	-9.573473607	8.370812769
13.83288597	-7.720019822	78.13462274
0.819065179	-27.50678466	7.927511824
-1	0	-1
27.08460413	-4.508551858	1.704259567
24.53160814	-5.597680398	0.389488677
12.67694555	-9.548211745	77.77156055
19.47851198	-12.33997315	25.25277992
20.59262798	-12.17868221	18.21566032
11.73852145	-10.85310712	76.96255511
-1	0	-1
19.05145	-1.732625873	62.13875202
4.450018946	-22.34412223	39.52572763
-1	0	-1
20.10047348	-12.57585704	20.85927893
6.097842662	-20.92308915	44.83394445
22.38925107	-11.4490119	12.06316109
5.653263302	-21.41378624	43.31838295
16.64314136	-4.071940912	77.11069456
8.074811111	-16.87765238	67.86234213
23.31996543	-10.95604552	10.01898968
19.86654937	-12.8543965	22.54422101
7.878938012	-18.76048614	55.83015431
3.441775662	-23.6628601	35.51553687
19.32575002	-0.223746681	71.12981667
11.45759063	-12.00331254	75.64667915
7.801378201	-18.48836463	60.34997677
9.083979071	-15.5594721	70.63557511
-1	0	-1
17.75761122	-2.906429726	76.29020262
0.578112703	-26.74548659	22.72592223
19.16780074	-11.76652813	35.40382074
8.101882523	-18.94680313	53.60106203
19.76565858	-8.077659229	45.47546781
19.02256676	-0.993986266	74.56906146
-0.017774968	-27.62823817	18.17018993
19.63033165	-0.661292889	68.03287556
2.408478093	-25.24056111	28.90188567
19.49475168	-4.307846351	56.69265351
19.61867789	-10.44979047	39.36550814
19.18971652	-13.23993483	28.0799451
0.463977456	-27.21577946	21.13287469
19.53926837	-6.987898618	49.95359377
3.68061787	-27.49241132	5.18262246
19.61632793	-3.36539874	59.27045225
27.11020651	-7.953159549	4.886924056
10.12982201	-14.68611816	72.02721948
8.338042592	-18.26261233	62.58355716
21.68666395	-12.80470015	14.07760693
1.064694192	-28.13471967	10.48148689
5.736899509	-22.39217357	41.51841936
26.87612793	-5.334710073	0.942312865
19.5074863	-5.568826181	54.46606416
-1	0	-1
19.00763237	-13.10582805	32.61136541
3.244341964	-24.97312903	31.10009924
2.014864553	-26.19273693	26.36663645
19.93861242	-0.866043561	69.26008053
8.786588579	-17.97280889	64.30747148
18.98899421	-2.187139388	75.1875108
14.27060276	-9.470674948	76.77672858
8.903361734	-18.78401672	58.50345705
9.956921576	-16.21415353	69.21804052
-1	0	-1
16.48878193	-6.822453795	76.62754682
20.20279803	-2.325617697	65.22768459
6.209373227	-27.37583956	3.733681044
4.215426864	-24.95182008	33.3682166
9.123226404	-20.11846003	50.36424103
-1	0	-1
20.47820069	-14.7071455	19.67332048
10.9380298	-15.60884549	70.262771
13.74371665	-11.46900066	75.1875108
12.4685184	-13.34109001	73.50968901
20.14565179	-14.97078959	22.13499162
19.09264812	-14.88800814	29.67177711
19.43438064	-15.00147603	26.89723094
7.060707863	-22.93282814	42.81183972
5.492756526	-24.45833149	37.63169172
20.19889406	-6.411554202	55.96642136
19.4727921	-13.26238545	37.90650119
23.11063793	-11.44718665	0
22.40131323	-14.23065426	13.02064264
2.136907735	-28.89079064	12.75836468
20.3985213	-5.364392575	58.36792663
21.60715712	-14.73072122	15.27991488
20.54028629	-4.303644088	61.06719493
20.12822714	-9.397805692	48.49292049
26.9178069	-10.68164242	6.625681887
10.22060201	-18.50069155	61.87137844
19.98190219	-12.18951771	40.12440497
10.36164622	-18.1787789	63.51407985
20.15206848	-10.39834209	45.7959796
15.79771626	-9.459077394	75.87474307
-1	0	-1
19.38185769	-4.159722851	75.14906504
7.101505811	-23.52860408	41.70359564
20.18286174	-2.895881142	73.47008182
2.565324445	-27.91562255	23.58717444
3.472795073	-28.89440706	9.518839123
10.56340176	-19.27794385	56.14806451
23.22285216	-14.18394015	11.58897445
5.470255761	-25.15635864	36.10474652
20.79610831	-2.392255625	71.66148916
8.289745357	-22.72914108	44.65051439
11.08727147	-17.63134911	65.44586388
-1	0	-1
6.898624657	-24.16814325	39.87427486
18.91818267	-15.64523561	32.45031485
29.23045295	-8.404708012	3.418058428
21.06458915	-2.56353506	70.42868307
4.249444443	-26.87465514	28.94488891
25.03600002	-10.46117388	0.480527614
11.77509112	-16.74585504	67.69151476
10.85843145	-19.79414169	53.78322435
24.63341343	-13.60273174	9.768328833
11.03454613	-19.22423216	57.59901183
21.13017223	-3.024833047	68.11803077
12.22379588	-16.07318845	69.09179848
20.46146293	-8.509093197	53.32776814
20.32616301	-12.17522043	42.90399781
18.60942773	-6.498635068	75.41759955
5.769175584	-28.58640314	6.355205338
26.95597155	-8.756052667	0.818091191
19.08349556	-15.40768471	35.17922911
29.43411367	-7.219925254	1.801512723
8.328789018	-27.63859774	3.698419929
2.565679949	-29.02659525	20.26630002
13.86540677	-13.84540528	72.35066178
16.88731897	-9.423652256	75.1875108
21.20916813	-4.365593836	63.86720087
5.236682714	-26.46860022	31.8821045
2.560418723	-29.56970109	16.53872456
5.623083866	-26.19260551	33.44708551
5.903203837	-25.92533238	34.99089757
19.82903586	-16.77172449	24.89420267
21.00070731	-16.56890065	17.85208861
20.03900055	-13.9426632	39.74815311
19.33966259	-16.91016559	27.55630286
11.10471319	-20.63273127	51.55017026
13.35299487	-15.26100683	70.30428199
20.52015487	-11.64436732	46.34509878
26.54551938	-12.81020742	7.887436662
4.132102399	-27.99582329	26.41095959
15.54977357	-11.91845566	73.9043162
8.199006552	-24.18085931	42.02731259
3.663525511	-29.62320901	12.4099784
10.17894125	-22.07542568	47.99055713
21.25596102	-6.140846863	60.12542358
11.87412496	-18.96073154	60.08049001
-1	0	-1
-1	0	-1
21.59674817	-4.166971864	66.18485863
28.96234657	-10.78831529	5.406285512
18.82862452	-16.98397134	33.28919317
12.30010436	-18.37575055	62.8055608
20.63537002	-17.21084168	20.31191779
29.11186077	-8.049985327	1.193124104
11.14378435	-21.34423005	50.22736614
6.615290395	-25.98179461	36.50328263
-1	0	-1
3.599660795	-29.96662831	14.21054999
21.56329049	-3.863718131	71.8242765
19.62569392	-15.63760672	37.97474483
21.60247747	-5.783797875	62.09421476
12.3099347	-19.64689454	56.3750407
21.2959764	-7.730734325	57.78006549
18.91905922	-17.79336533	30.64191193
20.84765866	-11.41275472	49.36031375
20.37742142	-17.91180436	22.45332723
7.540759904	-25.9634289	38.07676594
20.40197582	-6.536948814	74.13981972
18.52383616	-9.470220461	74.25720986
14.22116467	-16.22381034	68.20311098
23.40797533	-16.64742794	12.45344229
21.82227444	-17.69896529	15.50389412
14.1592022	-17.07103558	66.35808426
6.296726494	-29.89354835	9.22928346
21.64265373	-5.375465944	72.7928063
8.77297518	-25.68222655	39.87427486
17.27417577	-12.06383839	72.91286314
16.16722452	-14.00726296	71.21186957
18.84529957	-18.67660237	33.72189897
21.21462251	-11.64649342	52.05172269
22.46881788	-5.451275465	67.30609943
22.36471464	-6.578987065	63.55826271
4.434082923	-30.90285529	15.77315932
19.37004346	-19.33252023	27.24933751
11.42805463	-28.09444272	3.628041314
13.65249117	-20.23268637	55.46663821
20.911896	-19.06315761	19.26296046
30.86759834	-9.211451745	1.736627604
12.2746256	-22.60487591	49.40595605
22.53379188	-6.12275436	65.5765944
14.25260215	-18.75724573	61.69293294
21.74060367	-19.46847291	0.148844415
13.64460878	-20.71617902	54.10193844
20.56970847	-16.3207762	40.12440497
19.39166257	-18.33512145	36.68264972
21.23981524	-14.53530132	45.15479509
22.39682698	-5.865732012	70.88310546
4.534150978	-31.18323285	17.3983119
27.31545375	-15.16642325	8.451893349
30.4826835	-9.759758553	1.415182561
29.28764927	-10.95833876	1.256321535
12.17042402	-23.47534475	48.03623306
15.03778211	-18.03361934	63.86720087
7.699990897	-27.95832099	33.91701205
22.54197798	-8.101662839	61.42497938
29.054895	-13.98310349	6.976413176
22.32408121	-9.244417875	58.99995189
8.866890589	-29.92630209	6.937279757
16.56794462	-15.39026162	68.92319345
20.26129369	-9.64090611	73.19210363
16.00309147	-16.49930507	67.09136273
20.64435275	-19.96838639	21.13287469
21.82775507	-7.445735718	72.75273674
8.452638009	-27.54275168	36.50328263
5.481427383	-30.64146	23.04359883
6.097341247	-30.00366257	25.96689563
7.34420529	-28.73900102	31.3070668
6.00575633	-31.22129713	12.97687229
6.770679619	-29.40838834	28.6433154
13.81307161	-21.84921096	52.05172269
10.66073198	-25.73638108	42.30445801
9.155182995	-27.0945539	38.41385103
22.16251397	-10.61303736	57.05540369
26.06790119	-16.92513214	9.97713268
21.26405467	-20.1804688	17.30765966
25.02478483	-16.5605143	0.942312865
27.44163743	-13.92203526	1.193124104
31.6771878	-10.92871021	2.866630567
12.03023206	-24.60817559	45.93329648
15.08115831	-20.01583397	57.6895484
16.22795285	-17.18100399	65.66367325
18.89804015	-20.80029461	30.55819186
19.168587	-12.14085431	71.90552617
17.09353109	-25.5869405	1.575284225
24.90028306	-18.1125687	11.33169482
23.0780524	-6.774068889	68.66968895
20.18611472	-20.69915735	23.94874644
21.91348271	-12.33134862	54.37504534
15.56851089	-19.21453753	60.43974352
5.403301758	-31.64876374	19.67332048
18.28942742	-13.90481169	70.47010595
15.84315673	-18.75107796	61.91596551
19.24423874	-21.15649903	27.94934996
21.81290475	-14.30843515	49.31467052
11.19810659	-29.59139623	5.219787806
23.9075883	-19.10605048	12.49693056
22.3784051	-20.17052981	14.5214067
23.28446859	-19.43422054	0.756275385
31.45289052	-12.92625892	4.997471316
19.6979299	-21.3243647	26.36663645
8.062958896	-31.16411605	10.18673428
10.46436868	-27.1169925	39.71651181
31.2089791	-11.49480496	1.866596552
20.86870759	-21.22626885	19.44531754
21.97033102	-13.75637555	52.1884879
23.37865166	-8.267247539	64.65874431
23.43800068	-7.804688836	66.91926289
15.52541183	-21.15694373	54.92102185
5.954701233	-32.24782686	16.85497636
13.27398522	-29.00085067	3.94624937
19.01540163	-21.20933756	34.30423309
22.16022479	-9.917930438	71.41659471
18.33676816	-16.29520983	66.70375672
20.4871535	-12.64206127	70.75944191
22.65127855	-12.86936019	56.28426086
19.9550351	-20.66825228	37.59713433
14.35751377	-24.21452379	48.9494899
17.97642836	-17.58658811	64.52711766
23.40206943	-10.95501976	60.3050816
30.00961117	-14.11504487	1.769045323
23.52619012	-8.714108128	69.88819461
21.43839098	-18.73053429	41.37943949
17.66822873	-18.67517551	62.18327914
19.88208521	-14.45554592	68.96537477
23.61720712	-21.09648515	12.97687229
22.19060676	-17.26122808	45.52126468
20.89896098	-22.78643837	18.30662021
20.14176032	-22.88375814	25.34227235
28.68498462	-17.64397089	8.614490111
19.01728606	-23.15726289	31.63647829
8.742376096	-32.41467915	11.76103667
25.93113061	-19.91634089	10.82016832
22.65015885	-15.11955746	53.14554072
17.97442487	-19.63236255	59.8557105
11.13221571	-28.73882639	38.27956812
20.50975221	-23.48146223	20.67684275
24.13481025	-9.837197137	66.14151235
22.57973681	-16.98566336	48.17325273
19.64991866	-23.65762116	27.99290547
8.391025391	-32.98653277	13.28373526
28.78701203	-16.8439234	1.899212972
12.67667301	-31.01606803	6.125008764
32.16665937	-14.01634363	2.73072701
21.29767963	-23.54245906	16.35826269
33.07413415	-13.93245006	3.94624937
22.23720427	-12.48328948	69.84646749
24.06345608	-10.9799321	63.91128531
18.31996944	-27.62147254	2.427821835
7.60605282	-32.97332232	22.31693577
21.41501237	-24.8237024	1.769045323
14.6657721	-25.93909375	46.5280562
8.245187568	-32.37360053	25.20801044
23.12542665	-14.92916614	55.1938785
7.351017093	-33.40490313	20.44876967
23.51247011	-13.62896575	57.87056275
26.07994189	-20.03490569	1.736627604
24.73016126	-21.46523409	1.607453543
23.55709719	-10.85840454	69.72115867
23.89472753	-10.65854423	67.90500321
15.98113418	-29.43964399	3.663206666
10.59952704	-32.45345452	9.685034151
20.68196093	-24.42966749	18.30662021
7.536014688	-33.77263674	18.48861234
11.09369914	-29.93855911	36.17760733
21.27677817	-15.11365327	67.13434478
22.65773541	-23.42515927	13.76809007
10.53148129	-30.58207194	33.7610009
13.01502118	-28.34756534	40.35743795
22.97707629	-16.94986677	50.86605142
31.36189516	-16.9517131	6.7422234
22.03661785	-13.96465989	68.45789655
20.73707922	-16.45639647	65.27134966
9.432418099	-32.00447288	28.25373518
18.53849716	-21.32683297	56.23886558
27.1936603	-19.79672374	2.228106946
8.409946468	-33.8236249	15.32468009
24.30073493	-11.39739047	66.14151235
20.32830099	-24.76791706	23.45141059
23.27170177	-12.53175758	68.75426938
19.16907212	-20.31197637	58.45828589
19.72065297	-19.08971087	61.24615891
20.24996061	-17.99284507	63.11590045
10.30188462	-31.3991318	31.22437884
33.00918988	-15.72927258	5.18262246
19.2778001	-24.75496902	32.04516001
24.31461058	-12.62737863	62.13875202
19.61174359	-24.13858132	34.83947187
24.11353445	-13.41830554	60.3948641
19.46677658	-24.95220636	30.30628651
18.2388729	-22.61081066	54.01088674
22.96861908	-13.58166146	67.60599211
14.70059344	-27.41144698	43.82418792
30.73798161	-16.93597706	2.663069946
20.93412613	-22.52014154	38.77934435
16.66770665	-24.98520214	49.77106189
23.16554807	-18.21404318	48.67556149
16.21674274	-25.69469733	48.26459261
17.43195287	-24.01506997	51.64137055
19.81443497	-19.69350638	59.94564442
22.50011014	-20.50574315	42.76575032
24.49823573	-23.1075654	11.89036215
23.14269613	-19.07980199	46.5280562
23.38642848	-13.74397625	65.79417798
20.32823402	-25.24283118	25.56572564
28.46938922	-20.36709872	9.023479253
10.11722237	-33.82490858	12.75836468
20.22652091	-25.90396353	21.36079797
23.51659968	-17.18175081	53.41887258
18.95896946	-28.88238506	3.10634676
30.17512814	-19.43340361	7.847399478
32.71681314	-16.59043343	3.981843799
24.20665458	-13.76774543	63.60243349
26.18150834	-22.2921466	2.294480651
29.02642349	-19.87140461	3.003318112
22.7578752	-16.23534058	63.55826271
8.831994794	-34.64637311	20.35753542
20.33144946	-26.75092818	18.30662021
24.21685206	-15.70021649	58.99995189
21.69800859	-18.75344854	60.57433385
24.02212128	-15.53759583	61.38028791
32.42992459	-18.09498434	5.481196115
26.84706566	-22.84581939	9.810025035
21.57354055	-26.47017911	14.6994374
17.00289545	-26.86438633	46.71097657
9.644694166	-34.47679128	23.08894773
21.28408537	-20.55873758	57.6895484
24.47776372	-25.03939561	2.561953485
20.06662385	-26.5583175	28.98786558
24.08292207	-17.39601333	55.96642136
31.19778954	-19.66242039	6.509512963
19.44463363	-23.77242261	53.23665746
10.42346843	-33.93175341	26.01138366
13.81734798	-33.22269481	8.249466761
25.20922672	-24.52225273	10.905135
30.69416059	-20.07951788	4.557752025
21.70601859	-28.26126601	3.175276178
20.52826781	-27.98714289	15.99793482
20.60463345	-25.72024056	37.28406062
9.923770142	-35.44111849	17.48900003
20.03864996	-26.59625518	35.02864862
23.93860747	-20.32830636	49.36031375
29.35657984	-21.93653227	7.251474464
17.55016768	-31.54730962	5.406285512
19.90457063	-28.20819497	21.81637036
29.30341258	-21.69795856	4.053174702
20.32933747	-27.70865703	24.57969113
23.55297796	-18.75343935	58.05149631
22.39040525	-23.867403	40.49711467
19.14859835	-25.65937947	49.58851611
21.83457683	-21.59931939	55.60297943
12.76059234	-32.4998673	33.28919317
11.5681372	-33.76618938	28.03643723
16.07711768	-29.41323527	41.56472719
23.77178997	-26.28918817	11.37450596
19.88442713	-27.398705	31.96370237
12.50777669	-32.87378878	31.80036729
14.68023213	-30.82803646	38.5473995
16.86921252	-28.76693113	43.36439428
13.5081604	-32.0040894	35.62686411
24.03434287	-19.8464593	52.87215576
26.23432913	-24.82755195	3.59292393
27.84186174	-23.49856066	4.557752025
26.00938428	-25.08094386	9.726665164
12.98602197	-34.54096757	11.63194978
11.52118397	-35.33619391	14.6994374
19.88974246	-29.23743144	16.80976439
20.23527879	-28.17847409	27.11745537
21.44122653	-23.18542993	53.7376864
29.30751543	-22.5920264	5.256997997
23.80479497	-22.3692898	45.24643325
20.79592837	-24.31939983	52.1884879
22.13596697	-28.11583291	12.80201986
27.65471967	-24.22183465	8.289878628
12.94775065	-33.3867374	30.01101128
20.7051278	-29.06151174	14.78855776
15.81918813	-33.48393702	7.56821193
19.50077549	-29.69562496	18.89840579
23.92154367	-20.24183119	55.28480953
19.32981572	-26.95816314	47.44233107
18.59479937	-27.91625942	45.24643325
24.26212836	-27.36851416	3.557854567
28.36619777	-23.99497352	6.586917379
20.28662639	-28.47909876	29.15950408
23.43181093	-21.92555241	53.965358
22.08443886	-29.73420799	4.485109722
15.35142965	-34.27234132	9.518839123
22.78669409	-28.60685301	11.33169482
26.11808838	-26.27797461	7.528482573
11.43832823	-36.05405179	19.94698347
26.50292666	-26.04011877	5.256997997
20.10238841	-28.41051726	35.44110255
11.82826076	-35.59072673	23.2249411
18.39345529	-29.14185601	43.22634192
14.08239264	-33.44201751	32.04516001
23.44739239	-22.80979547	51.91494785
20.13273417	-29.7899624	25.52106727
21.00495965	-27.66339746	38.38034917
17.48476801	-33.40417437	7.767439489
12.87582244	-35.08357039	25.78876842
13.59313146	-34.42020278	27.94934996
24.42583098	-28.31690599	5.556283688
19.71008429	-30.57543642	23.81323899
22.47645768	-24.73405727	50.54672924
12.46629557	-36.31548433	16.85497636
21.18103311	-30.50801885	12.49693056
23.06161335	-29.43715373	9.146858562
24.02745682	-23.56377015	48.81253051
22.80993195	-26.07700712	41.74986707
15.32876747	-34.95070255	11.63194978
19.13660764	-31.4396602	20.90488369
18.56813419	-30.00406081	41.14761278
21.86579235	-26.16404054	47.7621562
19.14739367	-31.81314743	16.94543218
15.27917962	-33.22702876	33.7610009
20.72392634	-31.66509777	7.133350533
16.3156137	-32.45066397	36.25029098
19.53957629	-30.47718099	33.24962375
19.49156237	-30.87507938	30.09552571
21.00126749	-28.0791407	44.32934692
23.45834277	-25.59073045	45.38386418
15.09612453	-35.499642	14.47694359
18.26762811	-31.15172385	38.74634674
17.78946684	-34.04581326	10.48148689
19.03329911	-30.9153576	36.35898336
15.75169054	-34.13477014	28.38382064
20.65192601	-32.13270567	10.27079478
20.58637792	-29.40164509	39.13930523
16.62742008	-33.41261032	30.64191193
21.36278466	-28.64341085	41.65731524
13.8438383	-36.11639742	23.40613596
18.63210553	-33.51319492	13.67983742
14.11783681	-36.39758062	18.12472608
18.71135513	-32.5171817	26.5438145
17.90971888	-32.52403293	33.3682166
14.37114	-36.27504539	21.04168542
18.89165741	-32.94032683	23.2249411
15.87152035	-34.90544441	26.05585391
16.75283248	-35.11486818	18.17018993
18.16422885	-33.91120409	20.85927893
14.99467804	-35.87588197	24.44469676
15.52698713	-36.22457557	22.86211816
17.79929125	-34.57793034	23.90358855
16.79312259	-35.59652711	21.81637036
16.4936845	-35.69836234	23.94874644
