3.000000000000000000e+01   -7.071067811865474617e+00   7.071067811865474617e+00
2.357212390313460659e+01   -5.416752204197018195e+00   5.416752204197018195e+00
2.015192246987792046e+01   -1.227878039689728862e+00   1.227878039689728862e+00
2.133974596215561093e+01   3.535533905932735532e+00   -3.535533905932735532e+00
2.657979856674331032e+01   6.644630243886745724e+00   -6.644630243886745724e+00
3.342020143325668613e+01   6.644630243886746612e+00   -6.644630243886746612e+00
3.866025403784438197e+01   3.535533905932740417e+00   -3.535533905932740417e+00
3.984807753012208309e+01   -1.227878039689725753e+00   1.227878039689725753e+00
3.642787609686539696e+01   -5.416752204197016418e+00   5.416752204197016418e+00
3.000000000000000355e+01   -7.071067811865474617e+00   7.071067811865474617e+00
3.082204657790691371e+01   3.800985841540693855e-02   1.405238481984279275e+01
2.418592327878411297e+01   1.653629316742124544e-01   1.239806921217433633e+01
1.989189295492557363e+01   3.452572719307341664e+00   8.209195047667046552e+00
1.994918011769592781e+01   8.361517228413886116e+00   3.445783102044582602e+00
2.433097946695903602e+01   1.259524676634173268e+01   3.366867640905724102e-01
3.098699838891940317e+01   1.417275222963179893e+01   3.366867640905715220e-01
3.680281165658129794e+01   1.235590127999032362e+01   3.445783102044577717e+00
3.905713560644099402e+01   7.994818668803671535e+00   8.209195047667044776e+00
3.669514700833917686e+01   3.130103417880475192e+00   1.239806921217433455e+01
3.082204657790691726e+01   3.800985841540782673e-02   1.405238481984279275e+01
2.998246864680946899e+01   7.145038407390627455e+00   2.103370182782011000e+01
2.349585327018146685e+01   5.738563309096285536e+00   1.937938622015165535e+01
1.855948634194860603e+01   7.946894389341415454e+00   1.519051205564436557e+01
1.748314880943844685e+01   1.273672899281318038e+01   1.042710011002190029e+01
2.077047096627170575e+01   1.786685027546512927e+01   7.318003772067890544e+00
2.688327824074989181e+01   2.093681747419722683e+01   7.318003772067889656e+00
3.296132017285918892e+01   2.051015881783779093e+01   1.042710011002189674e+01
3.616061339265392860e+01   1.678651263348018219e+01   1.519051205564436202e+01
3.498417304640860692e+01   1.150821435450295915e+01   1.937938622015165180e+01
2.998246864680947255e+01   7.145038407390628343e+00   2.103370182782011000e+01
2.752652807028977833e+01   1.386687608639915936e+01   2.801501883579742724e+01
2.153911573010839575e+01   1.100239625315322911e+01   2.636070322812896904e+01
1.622653301633320666e+01   1.201279692586914649e+01   2.217182906362167927e+01
1.407459642351973983e+01   1.642530040043049055e+01   1.740841711799921754e+01
1.609022099955664231e+01   2.217524726157637360e+01   1.429932078004520690e+01
2.133027360414434170e+01   2.657217346943546232e+01   1.429932078004520513e+01
2.734287538689850550e+01   2.755870838495888009e+01   1.740841711799921043e+01
3.131466315104298559e+01   2.467324135705892729e+01   2.217182906362167927e+01
3.138719326023047884e+01   1.926591447648392474e+01   2.636070322812896904e+01
2.752652807028977833e+01   1.386687608639915936e+01   2.801501883579742724e+01
2.358662524052454046e+01   1.984114688628282153e+01   3.499633584377474449e+01
1.842119888583287590e+01   1.567308716733856144e+01   3.334202023610629340e+01
1.301880309572575989e+01   1.543108647072668838e+01   2.915314607159900007e+01
9.907278901335587307e+00   1.922837961193005540e+01   2.438973412597653834e+01
1.054254305395700797e+01   2.528817092796722932e+01   2.128063778802252770e+01
1.462734839640383555e+01   3.077501671498569280e+01   2.128063778802252415e+01
2.025036911139062568e+01   3.312156084974105852e+01   2.438973412597653123e+01
2.478053131346086602e+01   3.122982925264814469e+01   2.915314607159899651e+01
2.609812176112115623e+01   2.598498416224155960e+01   3.334202023610628629e+01
2.358662524052454046e+01   1.984114688628282508e+01   3.499633584377474449e+01
1.837516133887223901e+01   2.474577632183752840e+01   4.197765285175206174e+01
1.431019044147250163e+01   1.949883789550526458e+01   4.032333724408360354e+01
9.109226130436161029e+00   1.801748214975949125e+01   3.613446307957631376e+01
5.205857409176873674e+00   2.099485190146991798e+01   3.137105113395385203e+01
4.426513883482995126e+00   2.703780275403229538e+01   2.826195479599984139e+01
7.135859050465191089e+00   3.331877084361487817e+01   2.826195479599984139e+01
1.206616019547500507e+01   3.689882139591721000e+01   3.137105113395384492e+01
1.691047461856862100e+01   3.610280896968709641e+01   3.613446307957631376e+01
1.940209376262276919e+01   3.130319662585029050e+01   4.032333724408360354e+01
1.837516133887224257e+01   2.474577632183753195e+01   4.197765285175206174e+01
1.217308773320810822e+01   2.831635455067651108e+01   4.895896985972937898e+01
9.427715926357610243e+00   2.227340122563921199e+01   4.730465425206092078e+01
4.708568426619449632e+00   1.963255070244733602e+01   4.311578008755363101e+01
2.237867966034707834e-01   2.162948629068667472e+01   3.835236814193116572e+01
-1.928149796209996047e+00   2.732981963515309687e+01   3.524327180397715864e+01
-7.403263039323002559e-01   3.406630141182240123e+01   3.524327180397715864e+01
3.231461460212176728e+00   3.868685692973553358e+01   3.835236814193116572e+01
8.128769859876140202e+00   3.902947691030642119e+01   4.311578008755363101e+01
1.166009386733660591e+01   3.493384565682899279e+01   4.730465425206092078e+01
1.217308773320810822e+01   2.831635455067651463e+01   4.895896985972937898e+01
5.314759816960394900e+00   3.036039077627333782e+01   5.594028686770670333e+01
4.036990805379460312e+00   2.384719973044392560e+01   5.428597126003824513e+01
5.407058015616428293e-02   2.018922336506989978e+01   5.009709709553095536e+01
-4.770348220099887016e+00   2.109806947538865529e+01   4.533368514990849008e+01
-8.178866421306343781e+00   2.614847886568264101e+01   4.222458881195448299e+01
-8.576600475658493039e+00   3.297730885318511440e+01   4.222458881195448299e+01
-5.777446198803328770e+00   3.838927399275213759e+01   4.533368514990849008e+01
-1.091158986015937193e+00   3.985205564828756764e+01   5.009709709553095536e+01
3.289495293559507427e+00   3.668120202615912717e+01   5.428597126003824513e+01
5.314759816960394900e+00   3.036039077627333782e+01   5.594028686770670333e+01
-1.830088176693949187e+00   3.076769047662702050e+01   6.292160387568402058e+01
-1.571369534852815164e+00   2.413538952516282876e+01   6.126728826801556238e+01
-4.603342225278982625e+00   1.965748977029586086e+01   5.707841410350827260e+01
-9.507312529499040821e+00   1.942925027364070090e+01   5.231500215788580732e+01
-1.398865824060939467e+01   2.355746683228175442e+01   4.920590581993180024e+01
-1.595050789577163997e+01   3.011050103841437675e+01   4.920590581993180024e+01
-1.447489023780512873e+01   3.602211535812627119e+01   5.231500215788580732e+01
-1.025226316853590802e+01   3.852619975094941651e+01   5.707841410350827260e+01
-5.258440822947497040e+00   3.645106529968376208e+01   6.126728826801556238e+01
-1.830088176693950075e+00   3.076769047662702050e+01   6.292160387568402058e+01
-8.876275643042047747e+00   2.951629601946589432e+01   6.990292088366132361e+01
-7.095016936727327028e+00   2.312243422336747400e+01   6.824860527599287252e+01
-9.012587659818612096e+00   1.806601581385358912e+01   6.405973111148558985e+01
-1.373173515955677182e+01   1.671299516056679124e+01   5.929631916586312457e+01
-1.904431787333196269e+01   1.969646566432955126e+01   5.618722282790911038e+01
-2.246451930658864882e+01   2.562042831885002769e+01   5.618722282790911038e+01
-2.239198919740115912e+01   3.171299516056679124e+01   5.929631916586311746e+01
-1.886066518994069341e+01   3.512338645290245154e+01   6.405973111148557564e+01
-1.352289303359271955e+01   3.425584220789586709e+01   6.824860527599287252e+01
-8.876275643042049524e+00   2.951629601946589787e+01   6.990292088366132361e+01
