3.000000000000000000e+01 -7.071067811865474617e+00 7.071067811865474617e+00
2.672214615184898179e+01 -6.576512963677767942e+00 6.576512963677767942e+00
2.409443653653244155e+01 -5.706757873483338628e+00 5.706757873483338628e+00
2.196429779615639077e+01 -4.173067910618938114e+00 4.173067910618938114e+00
2.052033473826357124e+01 -2.190704044118862548e+00 2.190704044118862548e+00
1.996472835726672557e+01 5.017726689611646564e-03 -5.017726689611646564e-03
2.046295779984381369e+01 2.183888282219012211e+00 -2.183888282219012211e+00
2.192179348000697914e+01 4.151696537501524453e+00 -4.151696537501524453e+00
2.413678349558648861e+01 5.729707440199290680e+00 -5.729707440199290680e+00
2.690301967998363253e+01 6.739298377327861189e+00 -6.739298377327861189e+00
2.999028485249332121e+01 7.054124975058643443e+00 -7.054124975058643443e+00
3.309556030086952916e+01 6.698221529424039034e+00 -6.698221529424039034e+00
3.590281705661875122e+01 5.722496290721303502e+00 -5.722496290721303502e+00
3.809893864383621320e+01 4.179846043248431009e+00 -4.179846043248431009e+00
3.947922946023567903e+01 2.197193027854074554e+00 -2.197193027854074554e+00
3.997711957571584662e+01 -4.233804072916791394e-03 4.233804072916791394e-03
3.953500192241695288e+01 -2.197086015593680663e+00 2.197086015593680663e+00
3.811437646465880391e+01 -4.159058509427637773e+00 4.159058509427637773e+00
3.587146273949120712e+01 -5.719242812016884336e+00 5.719242812016884336e+00
3.307621155715207095e+01 -6.736750048612167419e+00 6.736750048612167419e+00
3.000000000000000355e+01 -7.071067811865474617e+00 7.071067811865474617e+00
3.057879396268302941e+01 -3.891646542933955288e+00 1.021266046545521178e+01
2.726681414250897006e+01 -3.742983026187090001e+00 9.718105617266681762e+00
2.456218838590108433e+01 -3.153063472499499920e+00 8.848350527072689431e+00
2.228293166216301913e+01 -1.850684886239055249e+00 7.314660564208516291e+00
2.063917284248245565e+01 -3.019955307791860610e-02 5.332296697708498456e+00
1.985664382352047141e+01 2.095514831020043545e+00 3.136574926900009608e+00
2.012403763800774925e+01 4.314816854213808561e+00 9.577043713706155925e-01
2.136896298264690230e+01 6.424779584133474941e+00 -1.010103883911857459e+00
2.340678493455872555e+01 8.226222558739342716e+00 -2.588114786609575280e+00
2.605240299091732936e+01 9.520029373736173639e+00 -3.597705723738107153e+00
2.909006988596018672e+01 1.015643008823514037e+01 -3.912532321468879193e+00
3.221588275571849636e+01 1.012760016060379797e+01 -3.556628875834284553e+00
3.511018457696278716e+01 9.451081905900544200e+00 -2.580903637131570783e+00
3.745600690699131263e+01 8.146700429684134548e+00 -1.038253389658724046e+00
3.903646679369908412e+01 6.319260329408308507e+00 9.443996257356085389e-01
3.976218787299567481e+01 4.181828099412349786e+00 3.145826457662579401e+00
3.955206757931896533e+01 1.954495260248559241e+00 5.338678669183327230e+00
3.834453553346376253e+01 -1.456621223900368689e-01 7.300651163017272793e+00
3.627707367089808344e+01 -1.932298452946482170e+00 8.860835465606523798e+00
3.360342585629123846e+01 -3.237017104450998328e+00 9.878342702201834413e+00
3.057879396268317151e+01 -3.891646542933958841e+00 1.021266046545521178e+01
3.081533055390326581e+01 -6.786193811662527553e-01 1.335425311904504930e+01
2.750620717230042089e+01 -8.764443663401383366e-01 1.285969827085722805e+01
2.475501586412926258e+01 -5.720728671795651810e-01 1.198994318066286802e+01
2.235247625747150124e+01 4.852003370635081247e-01 1.045625321779849948e+01
2.052783571136597018e+01 2.124031740640053734e+00 8.473889351298431905e+00
1.952779151285468728e+01 4.156283643565840791e+00 6.278167580489952826e+00
1.956207851772893491e+01 6.391182109677066236e+00 4.099297024960552704e+00
2.057988601431311437e+01 8.619370560160618311e+00 2.131488769678047124e+00
2.241839129510147544e+01 1.062350349161262564e+01 5.534778669802894457e-01
2.491430196973061939e+01 1.218625051150888972e+01 -4.561130701482732919e-01
2.786869870895413115e+01 1.313615542422800964e+01 -7.709396678790574331e-01
3.098018107920836073e+01 1.343371943789001222e+01 -4.150362222444566873e-01
3.392903439722270065e+01 1.306302567709506235e+01 5.606890164582747360e-01
3.639797939656279624e+01 1.201070799498437403e+01 2.103339263931142789e+00
3.816039799291421275e+01 1.035835403715002201e+01 4.085992279325496135e+00
3.910517234009445531e+01 8.308520373073495335e+00 6.287419111252487092e+00
3.912867930819534479e+01 6.071613147070394234e+00 8.480271322773250020e+00
3.814703432151810603e+01 3.857078305933082429e+00 1.044224381660720624e+01
3.627750821174594620e+01 1.864576433154124802e+00 1.200242811919645014e+01
3.375486210837590306e+01 2.880527041082285300e-01 1.301993535579173589e+01
3.081533055390328713e+01 -6.786193811662523112e-01 1.335425311904504930e+01
3.071513524491823688e+01 2.544569083329847548e+00 1.649584577263486551e+01
2.744505257428796696e+01 2.002122989063234826e+00 1.600129092444727874e+01
2.467733741180423124e+01 2.017374821740788526e+00 1.513153583425279436e+01
2.217767902039683747e+01 2.817773337042467574e+00 1.359784587138836542e+01
2.019195297621153529e+01 4.256876903555217417e+00 1.161548200488827831e+01
1.898514246479302514e+01 6.173366015845059174e+00 9.419760234079799233e+00
1.878574888421211142e+01 8.399437932535160911e+00 7.240889678550393782e+00
1.956511608911096900e+01 1.072159003995696480e+01 5.273081423267877099e+00
2.118403249478089734e+01 1.290667274309292800e+01 3.695070520570105543e+00
2.350281786273943752e+01 1.472150240395790988e+01 2.685479583441531926e+00
2.634157013432963623e+01 1.597479276567489848e+01 2.370652985710744343e+00
2.940468894286250645e+01 1.659577564051819820e+01 2.726556431345348308e+00
3.237589764461155539e+01 1.653522045032774557e+01 3.702281670048086504e+00
3.494107500424036061e+01 1.574668762255202026e+01 5.244931917520963438e+00
3.686633733330234008e+01 1.428763596622730603e+01 7.227584932915324778e+00
3.802002171255104912e+01 1.234788841287643990e+01 9.429011764842321952e+00
3.827709824510341718e+01 1.012585689400177280e+01 1.162186397636309110e+01
3.753226631157033921e+01 7.821060653195883283e+00 1.358383647019705265e+01
3.588128616103134760e+01 5.644303540423583954e+00 1.514402077278629122e+01
3.353735312235099286e+01 3.812980487543282671e+00 1.616152800938156986e+01
3.071513524491821556e+01 2.544569083329849324e+00 1.649584577263486551e+01
3.028145351657972739e+01 5.741882834538343694e+00 1.963743842622465507e+01
2.708593153200383341e+01 4.860517309695865151e+00 1.914288357803698304e+01
2.433172883869389480e+01 4.586327095968512069e+00 1.827312848784255195e+01
2.176203434869591291e+01 5.121022771175883115e+00 1.673943852497814788e+01
1.963669174027860720e+01 6.344667800275248126e+00 1.475707465847806432e+01
1.823610345649716535e+01 8.124526642446900482e+00 1.256135288766957991e+01
1.780506709010558808e+01 1.031760181423914702e+01 1.038248233214017269e+01
1.833740415862715878e+01 1.270856012332266793e+01 8.414674076857657781e+00
1.971903823541543588e+01 1.505097029652208107e+01 6.836663174159889778e+00
2.183543035722315295e+01 1.709831820674501657e+01 5.827072237031321045e+00
2.452765900029051593e+01 1.864155331290652740e+01 5.512245639300534350e+00
2.750913593817866598e+01 1.957938930475620865e+01 5.868149084935137871e+00
3.047045781294028544e+01 1.982979826163780501e+01 6.843874323637876955e+00
3.310407311639072248e+01 1.931375337777372891e+01 8.386524571110751225e+00
3.517136756952675825e+01 1.806394778728713746e+01 1.036917758650510990e+01
3.652155132051919395e+01 1.625540323022578804e+01 1.257060441843210796e+01
3.700953337300681767e+01 1.407237703382228489e+01 1.476345662995287356e+01
3.650972855268239670e+01 1.170229044781357430e+01 1.672542912378683511e+01
3.509533532156676472e+01 9.364808224350056776e+00 1.828561342637607368e+01
3.295565714197211094e+01 7.298427811905982665e+00 1.930312066297135232e+01
3.028145351657970963e+01 5.741882834538344582e+00 1.963743842622465507e+01
2.951744012419217356e+01 8.876784817489367541e+00 2.277903107981444109e+01
2.643133982923889391e+01 7.666090330371324590e+00 2.228447623162658431e+01
2.372069263246392978e+01 7.105429024940509208e+00 2.141472114143225625e+01
2.110898677904278031e+01 7.368571332407912955e+00 1.988103117856790192e+01
1.886720070187663367e+01 8.363395866178638727e+00 1.789866731206782902e+01
1.728809860403320187e+01 9.987200852718007837e+00 1.570294554125934106e+01
1.663010520367481604e+01 1.212335554468483423e+01 1.352407498572992850e+01
1.690958861504367405e+01 1.455704484209008598e+01 1.155626673044742247e+01
1.803885360725363896e+01 1.703124288923585894e+01 9.978255827749665130e+00
1.992975357563462069e+01 1.928879306596059706e+01 8.968664890621106167e+00
2.244608244250659723e+01 2.110515959641144690e+01 8.653838292890320361e+00
2.531339076656156806e+01 2.234964075990058063e+01 9.009741738524922994e+00
2.823252383522535425e+01 2.290830378381852483e+01 9.985466977227654084e+00
3.090585500677473263e+01 2.267039439875257401e+01 1.152811722470052658e+01
3.309264182770799323e+01 2.164348175857576351e+01 1.351077024009488170e+01
3.462461097774986740e+01 1.998587630738608567e+01 1.571219707202187621e+01
3.533819159958943601e+01 1.786566996869096613e+01 1.790504928354263825e+01
3.508888242296051629e+01 1.545614082866143768e+01 1.986702177737659625e+01
3.392652014733444332e+01 1.298341910500158747e+01 2.142720607996583482e+01
3.201444985974297452e+01 1.070450474322815104e+01 2.244471331656112056e+01
2.951744012419219132e+01 8.876784817489369317e+00 2.277903107981444109e+01
2.842754966071865041e+01 1.191325358249399891e+01 2.592062373340422710e+01
2.548493828207440259e+01 1.038664270932951972e+01 2.542606888521630282e+01
2.284777596022699697e+01 9.545738756731628527e+00 2.455631379502201739e+01
2.022290645526503994e+01 9.534456567951497874e+00 2.302262383215768438e+01
1.788944898024571017e+01 1.028950367282311085e+01 2.104025996565761147e+01
1.614929477550600723e+01 1.173934239239291522e+01 1.884453819484912174e+01
1.527164002669707621e+01 1.379499333802763417e+01 1.666566763931971096e+01
1.529521578803189819e+01 1.624453174135779321e+01 1.469785938403720493e+01
1.615967309638664418e+01 1.882317698428201780e+01 1.311984848133945114e+01
1.780422776097313076e+01 2.126597122393663142e+01 1.211025754421089573e+01
2.011689042148191220e+01 2.333537509448474623e+01 1.179543094648010992e+01
2.283837973901082208e+01 2.487271864442854152e+01 1.215133439211470900e+01
2.568309203851822176e+01 2.573342656106305881e+01 1.312705963081743832e+01
2.836661110327048974e+01 2.577624429868482991e+01 1.466970987829030904e+01
3.064872521258487481e+01 2.498353666800599626e+01 1.665236289368466416e+01
3.234553814598494625e+01 2.349515666563973681e+01 1.885378972561165867e+01
3.327680794988341972e+01 2.146117656816768715e+01 2.104664193713242426e+01
3.328071548419349313e+01 1.903881952198885585e+01 2.300861443096637515e+01
3.238318831588237856e+01 1.645818311587460769e+01 2.456879873355561728e+01
3.071981259287425559e+01 1.399192924272705341e+01 2.558630597015090302e+01
2.842754966071867173e+01 1.191325358249399891e+01 2.592062373340422710e+01
2.702539918297867416e+01 1.481890214507476067e+01 2.906221638699401666e+01
2.425859993692789729e+01 1.299313953433799362e+01 2.856766153880614567e+01
2.172388986073864459e+01 1.188122620156245723e+01 2.769790644861184603e+01
1.911468806064606341e+01 1.159564030346170860e+01 2.616421648574749881e+01
1.671518878382492090e+01 1.210261381883292309e+01 2.418185261924742235e+01
1.483309444568595836e+01 1.336255928771209156e+01 2.198613084843892196e+01
1.374541597770368995e+01 1.531512634377732063e+01 1.980726029290951473e+01
1.351282220862896821e+01 1.775360836014091248e+01 1.783945203762700871e+01
1.410297362727519754e+01 2.040837821194779167e+01 1.626144113492925314e+01
1.548311642162626711e+01 2.300958703538370997e+01 1.525185019780069773e+01
1.756670831409733324e+01 2.530930085299463528e+01 1.493702360006990659e+01
2.011248418186812970e+01 2.712262398995913415e+01 1.529292704570450212e+01
2.285152860656495832e+01 2.827592625520721015e+01 1.626865228440723143e+01
2.551575996867129703e+01 2.859900401487185562e+01 1.781130253188010215e+01
2.786813576645785417e+01 2.804921115296319201e+01 1.979395554727445727e+01
2.971115661259113594e+01 2.674640686553133051e+01 2.199538237920145889e+01
3.084988904018765865e+01 2.482099518581907560e+01 2.418823459072222803e+01
3.110697325916428468e+01 2.241241720150364714e+01 2.615020708455618248e+01
3.048414264292336284e+01 1.975221053109227398e+01 2.771039138714542460e+01
2.908773480786604537e+01 1.712570428185041393e+01 2.872789862374070324e+01
2.702539918297868482e+01 1.481890214507476067e+01 2.906221638699401666e+01
2.532854481255216683e+01 1.756290602556309466e+01 3.220380904058380622e+01
2.276772838698124346e+01 1.545790632339727999e+01 3.170925419239603116e+01
2.036311119886219956e+01 1.408711307482723285e+01 3.083949910220168178e+01
1.779803126453525763e+01 1.353034155068912270e+01 2.930580913933731679e+01
1.535865854781797069e+01 1.378371603865420347e+01 2.732344527283722968e+01
1.335515094610407516e+01 1.484003058858287716e+01 2.512772350202873994e+01
1.206931311956852682e+01 1.666822161922060630e+01 2.294885294649932561e+01
1.158308976163874959e+01 1.906905479249536839e+01 2.098104469121681959e+01
1.189250311471148080e+01 2.177099693103983569e+01 1.940303378851906402e+01
1.299318656502300051e+01 2.450225102307442882e+01 1.839344285139049973e+01
1.482498835596307885e+01 2.700719243544852688e+01 1.807861625365970681e+01
1.716729043146839828e+01 2.907671647956163596e+01 1.843451969929430234e+01
1.977079803553844783e+01 3.051003197871886741e+01 1.941024493799702810e+01
2.238668746339020288e+01 3.110984273426824132e+01 2.095289518546990237e+01
2.478367043151993343e+01 3.080895710959309852e+01 2.293554820086426105e+01
2.675279837543201467e+01 2.970593365515507145e+01 2.513697503279126622e+01
2.808657233678164999e+01 2.791008631590389655e+01 2.732982724431203891e+01
2.859402626080144572e+01 2.554155369806871079e+01 2.929179973814600046e+01
2.825268074676419516e+01 2.283078842208305304e+01 3.085198404073523548e+01
2.713846561603858021e+01 2.007267501478860439e+01 3.186949127733050346e+01
2.532854481255216328e+01 1.756290602556309466e+01 3.220380904058380622e+01
2.335456021664682069e+01 2.011444868078141468e+01 3.534540169417360289e+01
2.102774295997336651e+01 1.775327552621268623e+01 3.485084684598589178e+01
1.877953094173360782e+01 1.613862745241202390e+01 3.398109175579150332e+01
1.628664819946078168e+01 1.531678562899555907e+01 3.244740179292712412e+01
1.383410770012554103e+01 1.531380680514240566e+01 3.046503792642703345e+01
1.173112748890572732e+01 1.615494295839326000e+01 2.826931615561854372e+01
1.026122081176934486e+01 1.783875510360044458e+01 2.609044560008912583e+01
9.526709600419565049e+00 2.017566154463761308e+01 2.412263734480661981e+01
9.552019236888007470e+00 2.289519553804293750e+01 2.254462644210886069e+01
1.036121594639923593e+01 2.572658730175692554e+01 2.153503550498029639e+01
1.192119493867163271e+01 2.840932033010223989e+01 2.122020890724950348e+01
1.403439865291634803e+01 3.071237172868153564e+01 2.157611235288409901e+01
1.647388041193972086e+01 3.240998936364728422e+01 2.255183759158682477e+01
1.901279671333955790e+01 3.327994623700931953e+01 2.409448783905970259e+01
2.142814485453773088e+01 3.323124257200771581e+01 2.607714085445406127e+01
2.350181522263274303e+01 3.234005902067336535e+01 2.827856768638106999e+01
2.501601571332242457e+01 3.069342443674367971e+01 3.047141989790184624e+01
2.576826545414974490e+01 2.839086131386070733e+01 3.243339239173580069e+01
2.571212018236397512e+01 2.565921470425057294e+01 3.399357669432504281e+01
2.489227306961324615e+01 2.279969587043006740e+01 3.501108393092030724e+01
2.335456021664681359e+01 2.011444868078141468e+01 3.534540169417360289e+01
2.112329636830888546e+01 2.244458968207232985e+01 3.848699434776339956e+01
1.905611265276501243e+01 1.985323460663580164e+01 3.799243949957563871e+01
1.698907117627890528e+01 1.801250260558370542e+01 3.712268440938126446e+01
1.459584181359023702e+01 1.693462962278837836e+01 3.558899444651689947e+01
1.215714175714903256e+01 1.667531921077294754e+01 3.360663058001681947e+01
9.977843871306536272e+00 1.729200458836868037e+01 3.141090880920833683e+01
8.340047849810112268e+00 1.881288849399516394e+01 2.923203825367892250e+01
7.365326915143429964e+00 2.106013007401161019e+01 2.726422999839641292e+01
7.106241830262929327e+00 2.376730760119307106e+01 2.568621909569865380e+01
7.615027857197650185e+00 2.666766044107327005e+01 2.467662815857008596e+01
8.885992910200663175e+00 2.949864896245731671e+01 2.436180156083929660e+01
1.074681653868750786e+01 3.200987527548823408e+01 2.471770500647388857e+01
1.299540037835756046e+01 3.395311132331595161e+01 2.569343024517662855e+01
1.542938021115364577e+01 3.508364552323053687e+01 2.723608049264949926e+01
1.783649510832784912e+01 3.528767107140361503e+01 2.921873350804386504e+01
1.999187596181258897e+01 3.461815080874221451e+01 3.142016033997085955e+01
2.166983552906482657e+01 3.313886912241753180e+01 3.361301255149163580e+01
2.265860745870551085e+01 3.092763550308240994e+01 3.557498504532559025e+01
2.288829306116670281e+01 2.820518912988112703e+01 3.713516934791482527e+01
2.237185532111169550e+01 2.527575116181558457e+01 3.815267658451008970e+01
2.112329636830887836e+01 2.244458968207232985e+01 3.848699434776339956e+01
1.866115492454792957e+01 2.452978525549765365e+01 4.162858700135319623e+01
1.687620234779337025e+01 2.173653168667997804e+01 4.113403215316536432e+01
1.501292121653119693e+01 1.968980150918956795e+01 4.026427706297101139e+01
1.274549104586140302e+01 1.836764909725358308e+01 3.873058710010666061e+01
1.034726703203146947e+01 1.785481879301243779e+01 3.674822323360659482e+01
8.115446814444036150e+00 1.824030035372474856e+01 3.455250146279811929e+01
6.327635443065391385e+00 1.958163258005173191e+01 3.237363090726870496e+01
5.123331188624201893e+00 2.171465870077906146e+01 3.040582265198619893e+01
4.582658385341691343e+00 2.437991207734784993e+01 2.882781174928843981e+01
4.785453080058144515e+00 2.731755499386956387e+01 2.781822081215987552e+01
5.753500238551519708e+00 3.026589188473130676e+01 2.750339421442908971e+01
7.341600542218648329e+00 3.295788306839611437e+01 2.785929766006368880e+01
9.374713152874118549e+00 3.512553382411123692e+01 2.883502289876642521e+01
1.167716522422412595e+01 3.650431883734489702e+01 3.037767314623929593e+01
1.404975668401332101e+01 3.695886541522958169e+01 3.236032616163365816e+01
1.626331432112364439e+01 3.651833830207615250e+01 3.456175299356064556e+01
1.808671999189608570e+01 3.522257894233144526e+01 3.675460520508141116e+01
1.930123395420965338e+01 3.312683229278275121e+01 3.871657769891536560e+01
1.981426463149319162e+01 3.044332034952287458e+01 4.027676200150459351e+01
1.960690072120851113e+01 2.747595182658072233e+01 4.129426923809986505e+01
1.866115492454792957e+01 2.452978525549765365e+01 4.162858700135319623e+01
1.599570820561587503e+01 2.634745605546692460e+01 4.477017965494299290e+01
1.451243057266670888e+01 2.338276565868275014e+01 4.427562480675508993e+01
1.287321167505022323e+01 2.115236089313210144e+01 4.340586971656076543e+01
1.075629260389417574e+01 1.960035562531141196e+01 4.187217975369642886e+01
8.424686943651209958e+00 1.883960959258593348e+01 3.988981588719637017e+01
6.164677589210747044e+00 1.898969728053327444e+01 3.769409411638788754e+01
4.246348848344928761e+00 2.013686472572605979e+01 3.551522356085849452e+01
2.825602332238623671e+00 2.213242808147566620e+01 3.354741530557598139e+01
2.009250996075554241e+00 2.472670402771889897e+01 3.196940440287821872e+01
1.903859862016088478e+00 2.766961004402174140e+01 3.095981346574966153e+01
2.558451993803098734e+00 3.070314748435241015e+01 3.064498686801887573e+01
3.856530665153228288e+00 3.354654691970977609e+01 3.100089031365348191e+01
5.652019347865688381e+00 3.591496958745203472e+01 3.197661555235621478e+01
7.797850260667206435e+00 3.752696124368518582e+01 3.351926579982909260e+01
1.011005509092761656e+01 3.822706023272888842e+01 3.550191881522344062e+01
1.235765510701218162e+01 3.802031652693662522e+01 3.770334564715043513e+01
1.430662110952886579e+01 3.692219556732499797e+01 3.989619785867119361e+01
1.573362494879586038e+01 3.496477671988751723e+01 4.185817035250513385e+01
1.652439276507821475e+01 3.234945169292473111e+01 4.341835465509436887e+01
1.662834682876481907e+01 2.937650368256785427e+01 4.443586189168964751e+01
1.599570820561587858e+01 2.634745605546692460e+01 4.477017965494299290e+01
1.315460376119902719e+01 2.787516623520538772e+01 4.791177230853278246e+01
1.198928428037678628e+01 2.477166287129839972e+01 4.741721746034489371e+01
1.059213372550970078e+01 2.238213270193661231e+01 4.654746237015054788e+01
8.648993162343789010e+00 2.061736715433137235e+01 4.501377240728621842e+01
6.409642896647858912e+00 1.961709726482518690e+01 4.303140854078615263e+01
4.146303546266556062e+00 1.953016405167139524e+01 4.083568676997769131e+01
2.118568959995718703e+00 2.047056933753995267e+01 3.865681621444826987e+01
4.970277833540654444e-01 2.230673591590295501e+01 3.668900795916577096e+01
-5.859958557642507282e-01 2.480150889774900236e+01 3.511099705646801539e+01
-9.983826853445056937e-01 2.771731046401740528e+01 3.410140611933944399e+01
-6.644134555332266157e-01 3.080267606780321188e+01 3.378657952160867239e+01
3.293960800170445680e-01 3.376619590590235020e+01 3.414248296724326792e+01
1.867537385177298725e+00 3.630932161621890231e+01 3.511820820594601145e+01
3.833162364044994774e+00 3.813676725245420585e+01 3.666085845341887506e+01
6.059556273340355403e+00 3.907469403429271892e+01 3.864351146881324439e+01
8.316475420433627974e+00 3.910398404721266274e+01 4.084493830074022469e+01
1.036955377097274322e+01 3.821555908751548003e+01 4.303779051226097607e+01
1.199333146369126268e+01 3.641798244207802782e+01 4.499976300609493762e+01
1.305311135764438646e+01 3.389960165076197995e+01 4.655994730868415843e+01
1.346720875226746195e+01 3.095377214608447858e+01 4.757745454527944418e+01
1.315460376119903785e+01 2.787516623520538772e+01 4.791177230853278246e+01
1.016828964287561021e+01 2.909582185576763891e+01 5.105336496212257913e+01
9.333797637215361931e+00 2.588769438060536743e+01 5.055881011393477564e+01
8.194132998439622284e+00 2.336535787647060758e+01 4.968905502374039429e+01
6.446199476005877393e+00 2.140726154243607837e+01 4.815536506087602930e+01
4.323790359147109186e+00 2.017847018522124003e+01 4.617300119437595640e+01
2.082062885493151327e+00 1.985545364106813793e+01 4.397727942356749509e+01
-3.274120239362990348e-02 2.057871560417546064e+01 4.179840886803808075e+01
-1.837224857037127013e+00 2.223523697353654782e+01 3.983060061275557473e+01
-3.175008799071379784e+00 2.460300583527332208e+01 3.825258971005781206e+01
-3.889873266624782389e+00 2.745956827445264992e+01 3.724299877292924776e+01
-3.880234953016996169e+00 3.056276556388525023e+01 3.692817217519845485e+01
-3.201672644060629569e+00 3.361375796522322190e+01 3.728407562083305749e+01
-1.937851335465806235e+00 3.630357635871791189e+01 3.825980085953580101e+01
-1.741091574107618278e-01 3.832635597488463475e+01 3.980245110700867173e+01
1.941931412348480768e+00 3.949179503964086280e+01 4.178510412240303395e+01
4.183299085364213354e+00 3.975681634818568710e+01 4.398653095433001425e+01
6.317873693563332615e+00 3.908789597797314030e+01 4.617938316585078695e+01
8.120548063890550949e+00 3.746998474077104646e+01 4.814135565968473429e+01
9.437684384968063611e+00 3.507630927988709857e+01 4.970153996227396931e+01
1.015738847387593324e+01 3.219006386916236551e+01 5.071904719886925506e+01
1.016828964287561377e+01 2.909582185576763891e+01 5.105336496212257913e+01
7.070781676521812109e+00 2.999913444458246659e+01 5.419495761571237580e+01
6.576249899995164405e+00 2.672137588962515409e+01 5.370040276752467179e+01
5.706527249988274875e+00 2.409374143922163469e+01 5.283064767733024070e+01
4.172887998527694542e+00 2.196366148197887114e+01 5.129695771446585439e+01
2.190586283278609603e+00 2.051973582679910990e+01 4.931459384796577439e+01
-5.069353891663076241e-03 1.996414012146723138e+01 4.711887207715729886e+01
-2.183877005211257050e+00 2.046234923413980056e+01 4.494000152162789874e+01
-4.151631065998299341e+00 2.192113682931413265e+01 4.297219326634538561e+01
-5.729601219793298839e+00 2.413605749212548446e+01 4.139418236364760872e+01
-6.739169584994121998e+00 2.690220955643151868e+01 4.038459142651903733e+01
-7.053994913240996922e+00 2.998938295209102378e+01 4.006976482878825863e+01
-6.698110006615291212e+00 3.309456783239983935e+01 4.042566827442285415e+01
-5.722420795933402360e+00 3.590174440803588141e+01 4.140139351312559057e+01
-4.179821694977134960e+00 3.809780529129783133e+01 4.294404376059846840e+01
-2.197230674230139957e+00 3.947806058171570243e+01 4.492669677599282352e+01
4.130005646936663923e-03 3.997594173682607277e+01 4.712812360791983224e+01
2.196918755498836529e+00 3.953384279646341071e+01 4.932097581944059783e+01
4.158837127685400148e+00 3.811326428276845490e+01 5.128294831327455938e+01
5.718981279014051289e+00 3.587042068685789076e+01 5.284313261586379440e+01
6.736465785688198871e+00 3.307525450001119083e+01 5.386063985245906593e+01
7.070781676521812109e+00 2.999913444458246659e+01 5.419495761571237580e+01
3.896327197978929568e+00 3.057525713024259062e+01 5.733655026930216536e+01
3.747130896806822431e+00 2.726361533359062150e+01 5.684199542111450398e+01
3.156820606193436518e+00 2.455934297247817000e+01 5.597224033092006579e+01
1.854188951382764738e+00 2.228051702049283733e+01 5.443855036805565817e+01
3.360451800013142254e-02 2.063721436989334634e+01 5.245618650155557816e+01
-2.092037875174061146e+00 1.985511040278339934e+01 5.026046473074710974e+01
-4.311085692116023438e+00 2.012284534717230500e+01 4.808159417521770251e+01
-6.420643160218842738e+00 2.136800124541376533e+01 4.611378591993518938e+01
-8.221579155635017955e+00 2.340592776267160247e+01 4.453577501723741960e+01
-9.514826683072408642e+00 2.605150903880673852e+01 4.352618408010884821e+01
-1.015066560024989073e+01 2.908899349925097511e+01 4.321135748237804819e+01
-1.012132228484271401e+01 3.221450575232832136e+01 4.356726092801264372e+01
-9.444390171495639308e+00 3.510842192665624140e+01 4.454298616671537303e+01
-8.139744825365763603e+00 3.745380685382865238e+01 4.608563641418825796e+01
-6.312216734694422904e+00 3.903381541433252977e+01 4.806828942958262019e+01
-4.174866984514856938e+00 3.975911488383280101e+01 5.026971626150962891e+01
-1.947779655035770663e+00 3.954864671334490112e+01 5.246256847303040871e+01
1.519795680262499282e-01 3.834088219363576400e+01 5.442454096686436316e+01
1.938105426859399572e+00 3.627332101591402136e+01 5.598472526945359817e+01
3.242259129890310732e+00 3.359971083283090820e+01 5.700223250604886971e+01
3.896327197978925128e+00 3.057525713024259062e+01 5.733655026930216536e+01
6.792403050153348332e-01 3.081506587435515598e+01 6.047814292289195492e+01
8.769964079942258461e-01 2.750596541245571203e+01 5.998358807470422960e+01
5.725714575575304721e-01 2.475480269078702733e+01 5.911383298450983403e+01
-4.847419804074181160e-01 2.235230413791121862e+01 5.758014302164543352e+01
-2.123597134749910520e+00 2.052771176317952850e+01 5.559777915514535351e+01
-4.155852822072551689e+00 1.952771702046599600e+01 5.340205738433687088e+01
-6.390732395675421174e+00 1.956204917973211721e+01 5.122318682880747076e+01
-8.618882014164919170e+00 2.057989368694198618e+01 4.925537857352496474e+01
-1.062296125370509259e+01 2.241842474177023448e+01 4.767736767082720206e+01
-1.218564481076488804e+01 2.491434686516497266e+01 4.666777673369863777e+01
-1.313548192949473581e+01 2.786873886183138893e+01 4.635295013596783775e+01
-1.343298026680354873e+01 3.098020194908917446e+01 4.670885358160243328e+01
-1.306222957640033755e+01 3.392902372305684366e+01 4.768457882030515549e+01
-1.200987027025845499e+01 3.639792722871521846e+01 4.922722906777804042e+01
-1.035749393667044416e+01 3.816029788537266398e+01 5.120988208317240264e+01
-8.307657754927369353e+00 3.910502286931419036e+01 5.341130891509941847e+01
-6.070768262885820832e+00 3.912848417165576365e+01 5.560416112662019117e+01
-3.856271407429007869e+00 3.814680215750080094e+01 5.756613362045413140e+01
-1.863823762493786340e+00 3.627725076269489790e+01 5.912631792304336642e+01
-2.873641519557934565e-01 3.375459314815794443e+01 6.014382515963863796e+01
6.792403050153317245e-01 3.081506587435515598e+01 6.047814292289195492e+01
-2.545484534473343885e+00 3.071680302250599937e+01 6.361973557648175870e+01
-2.002925667349282790e+00 2.744654961696037532e+01 6.312518072829391969e+01
-2.018108796803773419e+00 2.467867802619840489e+01 6.225542563809957386e+01
-2.818489613060174648e+00 2.217885858596664050e+01 6.072173567523520887e+01
-4.257624408045984410e+00 2.019298441560985324e+01 5.873937180873513597e+01
-6.174191241093319960e+00 1.898605769510393415e+01 5.654365003792663913e+01
-8.400383653138888462e+00 1.878659692304056961e+01 5.436477948239723901e+01
-1.072268627291009579e+01 1.956594970454290561e+01 5.239697122711475430e+01
-1.290793286140489471e+01 2.118490246602395999e+01 5.081896032441699163e+01
-1.472292312295524574e+01 2.350377295455571058e+01 4.980936938728844154e+01
-1.597635549426700763e+01 2.634265377627323446e+01 4.949454278955764153e+01
-1.659745036812153884e+01 2.940592967708646555e+01 4.985044623519223705e+01
-1.653696644149238182e+01 3.237730741880924512e+01 5.082617147389494505e+01
-1.574845362849329078e+01 3.494264922301982779e+01 5.236882172136782998e+01
-1.428936809933249030e+01 3.686805677065439113e+01 5.435147473676219221e+01
-1.234954017864328790e+01 3.802185494828924561e+01 5.655290156868920803e+01
-1.012738984200278125e+01 3.827900182296264120e+01 5.874575378020998073e+01
-7.822444935380225672e+00 3.753418582372075463e+01 6.070772627404392097e+01
-5.645523600766435557e+00 3.588316730034981816e+01 6.226791057663314177e+01
-3.814038385240522633e+00 3.353914813780124149e+01 6.328541781322842041e+01
-2.545484534473343441e+00 3.071680302250599937e+01 6.361973557648175870e+01
-5.742455463876333432e+00 3.028301345760135277e+01 6.676132823007152695e+01
-4.861014860857300945e+00 2.708732928727830114e+01 6.626677338188368083e+01
-4.586785758022932313e+00 2.433298252290860120e+01 6.539701829168932079e+01
-5.121487195469144105e+00 2.176314663718216735e+01 6.386332832882494870e+01
-6.345178552043655884e+00 1.963768018737704324e+01 6.188096446232489711e+01
-8.125119701490904234e+00 1.823700170198839388e+01 5.968524269151643580e+01
-1.031830771490246512e+01 1.780592305601680891e+01 5.750637213598701436e+01
-1.270939789226594030e+01 1.833826733864946235e+01 5.553856388070452965e+01
-1.505194484649133102e+01 1.971995423045570561e+01 5.396055297800677408e+01
-1.709942032808298151e+01 2.183644085153377290e+01 5.295096204087821690e+01
-1.864276127449889486e+01 2.452879907023532269e+01 5.263613544314740977e+01
-1.958067345916312973e+01 2.751042631088187917e+01 5.299203888878201241e+01
-1.983112186807023747e+01 3.047190348284088657e+01 5.396776412748475593e+01
-1.931507277805933853e+01 3.310566341725437667e+01 5.551041437495761954e+01
-1.806521895640070241e+01 3.517307885517164578e+01 5.749306739035198177e+01
-1.625659012151271909e+01 3.652335037999844758e+01 5.969449422227896918e+01
-1.407345212051337668e+01 3.701137765221690756e+01 6.188734643379973477e+01
-1.170323506344412756e+01 3.651156716391916035e+01 6.384931892763368921e+01
-9.365616031967817889e+00 3.509711933190065736e+01 6.540950323022291002e+01
-7.299106830356567599e+00 3.295734558245417389e+01 6.642701046681818866e+01
-5.742455463876330768e+00 3.028301345760135632e+01 6.676132823007152695e+01
-8.876275643042047747e+00 2.951629601946589432e+01 6.990292088366132361e+01
-7.665645781061888542e+00 2.643031389298069911e+01 6.940836603547371908e+01
-7.105020976582786751e+00 2.371977306725070633e+01 6.853861094527917430e+01
-7.368166075764533751e+00 2.110817382306745316e+01 6.700492098241475958e+01
-8.362962014751538220e+00 1.886648319955598296e+01 6.502255711591470799e+01
-9.986709657415811847e+00 1.728745307370374462e+01 6.282683534510627510e+01
-1.212278163135073150e+01 1.662949715012415908e+01 6.064796478957687498e+01
-1.455637141028369719e+01 1.690898178145135233e+01 5.868015653429435474e+01
-1.703046394725852863e+01 1.803821395272321482e+01 5.710214563159656365e+01
-1.928791343844097383e+01 1.992904929271459125e+01 5.609255469446799225e+01
-2.110419385611770338e+01 2.244528606146154104e+01 5.577772809673720644e+01
-2.234861015509183346e+01 2.531248520832076210e+01 5.613363154237183750e+01
-2.290723568913623964e+01 2.823150349309644724e+01 5.710935678107459523e+01
-2.266932217927912063e+01 3.090472570116260798e+01 5.865200702854745174e+01
-2.164243970925751270e+01 3.309141912047206802e+01 6.063466004394178555e+01
-1.998489320597612462e+01 3.462331802473455866e+01 6.283608687586875163e+01
-1.786476865740479880e+01 3.533685901127653040e+01 6.502893908738950302e+01
-1.545533790733920831e+01 3.508754752251206099e+01 6.699091158122348588e+01
-1.298272180412742216e+01 3.392521940931477076e+01 6.855109588381276353e+01
-1.070390909753184161e+01 3.201321449374824368e+01 6.956860312040805638e+01
-8.876275643042049524e+00 2.951629601946589787e+01 6.990292088366132361e+01
