-5.468927061785826993e+00 -1.008187240149551300e+00 1.018669039634040097e+00
-8.286030673887587739e+00 -1.388785320204286799e+00 3.928635483142703055e+00
-1.034054416578807967e+01 -1.769549097186774889e+00 6.838601926651366014e+00
-1.129413456313643671e+01 -2.441132380543444835e+00 9.748568370160029417e+00
-1.175162358786693240e+01 -2.669740443271022556e+00 1.265853481366869104e+01
-1.166389815985525935e+01 -2.504854422723110208e+00 1.556850125717735622e+01
-1.161108211208837027e+01 -2.891380604305493041e+00 1.847846770068601785e+01
-1.166029401852524394e+01 -2.665699235756036511e+00 2.138843414419468303e+01
-1.196868549864773179e+01 -2.719882989103452609e+00 2.429840058770334466e+01
-1.129024210340680057e+01 -2.597471828148161688e+00 2.720836703121200628e+01
-1.013906956879129062e+01 -2.128108346764555847e+00 3.011833347472067146e+01
-9.513321521824600779e+00 -2.402920528742920059e+00 3.302829991822933664e+01
-9.344551469032120750e+00 -1.987239728450076681e+00 3.593826636173799471e+01
-9.511309660756797513e+00 -2.119601557492869937e+00 3.884823280524665989e+01
-1.006211706092321556e+01 -2.157941254967900235e+00 4.175819924875532507e+01
-1.058194204999504251e+01 -2.528305541616598262e+00 4.466816569226398315e+01
-1.105469347232384969e+01 -2.022131924454320995e+00 4.757813213577264833e+01
-1.118854850720541272e+01 -2.290552546690540758e+00 5.048809857928131350e+01
-1.110493281718733805e+01 -2.279694018796733168e+00 5.339806502278997158e+01
-1.073855716677453920e+01 -2.842955354732720430e+00 5.630803146629863676e+01
-1.059455408692774903e+01 -2.867937089179759980e+00 5.921799790980730194e+01
-5.061017618715989208e+00 -3.071825385728525593e+00 1.018669039634040097e+00
-6.450138615064178182e+00 -4.910491143467273112e+00 3.928635483142703055e+00
-8.251214836273817355e+00 -5.463228588087743809e+00 6.838601926651366014e+00
-9.103785740651638037e+00 -6.902171843021831066e+00 9.748568370160029417e+00
-1.025934174633637674e+01 -7.514472432364764032e+00 1.265853481366869104e+01
-1.114379590403015108e+01 -7.995671907345079710e+00 1.556850125717735622e+01
-1.172110763144495493e+01 -8.300877455955577133e+00 1.847846770068601785e+01
-1.186656961887234019e+01 -8.570243214150716327e+00 2.138843414419468303e+01
-1.160312057511525197e+01 -8.426528367597208913e+00 2.429840058770334466e+01
-1.043441080173330526e+01 -7.618146116188523109e+00 2.720836703121200628e+01
-9.028068790894321793e+00 -7.150465839707180749e+00 3.011833347472067146e+01
-8.463489612023925801e+00 -7.007204940988541964e+00 3.302829991822933664e+01
-8.329119520175929381e+00 -6.289015777495831294e+00 3.593826636173799471e+01
-8.411691026208043098e+00 -6.313912030644845963e+00 3.884823280524665989e+01
-8.844769012895520532e+00 -6.450145260330514496e+00 4.175819924875532507e+01
-9.399956767803395508e+00 -6.871755707810741853e+00 4.466816569226398315e+01
-9.788504086386570435e+00 -7.368744629620937125e+00 4.757813213577264833e+01
-1.012908712870699190e+01 -7.592264673035790778e+00 5.048809857928131350e+01
-1.035798487644953170e+01 -7.312983493532310142e+00 5.339806502278997158e+01
-9.965737324708621614e+00 -7.873849768034858698e+00 5.630803146629863676e+01
-9.800020351953842024e+00 -8.118293795239937438e+00 5.921799790980730194e+01
-3.441479272535428624e+00 -5.682822875498540149e+00 1.018669039634040097e+00
-3.656564253493582051e+00 -7.831136278462348166e+00 3.928635483142703055e+00
-5.297319870419578081e+00 -8.653972891917039334e+00 6.838601926651366014e+00
-5.731197324545291849e+00 -1.027346335817714262e+01 9.748568370160029417e+00
-6.560618605570702755e+00 -1.131602761606928453e+01 1.265853481366869104e+01
-6.903782427389215215e+00 -1.238578412596012512e+01 1.556850125717735622e+01
-7.350423620807091218e+00 -1.287790011126001666e+01 1.847846770068601785e+01
-7.841379993977255936e+00 -1.301981599770302545e+01 2.138843414419468303e+01
-7.362419827848534659e+00 -1.338178503133340058e+01 2.429840058770334466e+01
-7.039125111283410341e+00 -1.291407684747345996e+01 2.720836703121200628e+01
-6.490914728857745786e+00 -1.201366039608059388e+01 3.011833347472067146e+01
-6.181974984235945492e+00 -1.124682609833469549e+01 3.302829991822933664e+01
-6.111486941558504249e+00 -1.076652887190700092e+01 3.593826636173799471e+01
-6.122598145631039657e+00 -1.065885948435366970e+01 3.884823280524665989e+01
-6.377349007304148110e+00 -1.086418181395262827e+01 4.175819924875532507e+01
-6.762376231481667332e+00 -1.145809068404745013e+01 4.466816569226398315e+01
-7.147609638575226576e+00 -1.201956004207701767e+01 4.757813213577264833e+01
-6.924122593471800258e+00 -1.275559604170631012e+01 5.048809857928131350e+01
-7.430261032950123301e+00 -1.291633481517708759e+01 5.339806502278997158e+01
-7.141067603327160285e+00 -1.304770659909872421e+01 5.630803146629863676e+01
-5.946083311731589660e+00 -1.416597459120259828e+01 5.921799790980730194e+01
-1.024474173431546120e+00 -8.074664692333076488e+00 1.018669039634040097e+00
-9.028853090078031718e-02 -1.178188314433070794e+01 3.928635483142703055e+00
-7.171276017407028913e-01 -1.319461745654549745e+01 6.838601926651366014e+00
-1.139391784844950628e+00 -1.478797354135628161e+01 9.748568370160029417e+00
-1.230915128426047334e+00 -1.573250019180154879e+01 1.265853481366869104e+01
-7.906172576769958660e-01 -1.634305210754701676e+01 1.556850125717735622e+01
-8.679730207410841780e-01 -1.645220765933486717e+01 1.847846770068601785e+01
-5.848320609883267407e-01 -1.659593918344707220e+01 2.138843414419468303e+01
-1.496819105384282755e+00 -1.678499174010778106e+01 2.429840058770334466e+01
-1.818761480427253607e+00 -1.654300052526448894e+01 2.720836703121200628e+01
-1.341603328023809771e+00 -1.585993626979697702e+01 3.011833347472067146e+01
-1.580933833479840844e+00 -1.493010402065153386e+01 3.302829991822933664e+01
-1.329798891663579452e+00 -1.442669528405712853e+01 3.593826636173799471e+01
-1.551352979888562356e+00 -1.418316162031923078e+01 3.884823280524665989e+01
-1.778919137344366685e+00 -1.431151955610901183e+01 4.175819924875532507e+01
-1.800707769826387361e+00 -1.454001671022266784e+01 4.466816569226398315e+01
-2.181317529146942658e+00 -1.490603578426700082e+01 4.757813213577264833e+01
-1.276952548174179247e+00 -1.502020453684169965e+01 5.048809857928131350e+01
-1.320714694802987088e+00 -1.387171407204531626e+01 5.339806502278997158e+01
-8.540785143019228309e-01 -1.128231963369734814e+01 5.630803146629863676e+01
-1.897963445960918205e-01 -1.090411009976020296e+01 5.921799790980730194e+01
3.150799351009863525e+00 -1.375324475240551259e+01 1.018669039634040097e+00
4.625746560849866462e+00 -1.476096830428644502e+01 3.928635483142703055e+00
6.127068396281119433e+00 -1.490552854196943677e+01 6.838601926651366014e+00
5.834339485938687453e+00 -1.516338255660898326e+01 9.748568370160029417e+00
5.441054017021905942e+00 -1.553311555077845618e+01 1.265853481366869104e+01
5.843632497240466961e+00 -1.595989885317308854e+01 1.556850125717735622e+01
5.586147120997846827e+00 -1.602496123945643802e+01 1.847846770068601785e+01
5.139567546197485903e+00 -1.583708821227902064e+01 2.138843414419468303e+01
5.940264992007410427e+00 -1.590049021157669884e+01 2.429840058770334466e+01
5.660609926207496478e+00 -1.554985213527004007e+01 2.720836703121200628e+01
4.617990947913704680e+00 -1.571283926876379411e+01 3.011833347472067146e+01
4.473209088529423560e+00 -1.545722232660340190e+01 3.302829991822933664e+01
5.282381915836428909e+00 -1.499661273904698078e+01 3.593826636173799471e+01
4.722602668788288049e+00 -1.450601724708035611e+01 3.884823280524665989e+01
4.169530350136229302e+00 -1.400568328835960052e+01 4.175819924875532507e+01
4.550438644498918883e+00 -1.332113823870314917e+01 4.466816569226398315e+01
4.654969638349458094e+00 -1.268797400907298289e+01 4.757813213577264833e+01
4.019244659738538950e+00 -1.266350912491774849e+01 5.048809857928131350e+01
3.654841577719400547e+00 -1.233804113376035794e+01 5.339806502278997158e+01
2.894627841149961966e+00 -9.702165803589931414e+00 5.630803146629863676e+01
2.719972352008679817e+00 -1.029933300350981362e+01 5.921799790980730194e+01
1.201204361937069010e+01 -1.252254274055193761e+01 1.018669039634040097e+00
1.260434631821567564e+01 -1.296574119501963196e+01 3.928635483142703055e+00
1.383062404385829147e+01 -1.336464005818851675e+01 6.838601926651366014e+00
1.353376043226701420e+01 -1.390400658437208037e+01 9.748568370160029417e+00
1.262726856259511088e+01 -1.451490003343115376e+01 1.265853481366869104e+01
1.287707533435418128e+01 -1.465590507220828798e+01 1.556850125717735622e+01
1.295319872498012259e+01 -1.463777014411704513e+01 1.847846770068601785e+01
1.211764056199176487e+01 -1.470375380014366407e+01 2.138843414419468303e+01
1.255776877320256091e+01 -1.425268420285576276e+01 2.429840058770334466e+01
1.178702490031415628e+01 -1.369066315196853445e+01 2.720836703121200628e+01
1.042278538335347626e+01 -1.264968644729353109e+01 3.011833347472067146e+01
1.049890196610383519e+01 -1.274883771344747174e+01 3.302829991822933664e+01
1.303279695196412113e+01 -1.106215052962197909e+01 3.593826636173799471e+01
1.138744445053787757e+01 -1.201038007351790249e+01 3.884823280524665989e+01
9.660692956535019249e+00 -1.098650455798595971e+01 4.175819924875532507e+01
8.230023076762805090e+00 -8.747010049616799066e+00 4.466816569226398315e+01
6.501613226809696222e+00 -7.412597009607259757e+00 4.757813213577264833e+01
5.659879683925399085e+00 -6.706171853652722170e+00 5.048809857928131350e+01
5.879932675481231996e+00 -7.272181887213886142e+00 5.339806502278997158e+01
6.046667633216577187e+00 -6.780274759724339795e+00 5.630803146629863676e+01
5.707001401966182996e+00 -6.702054505159432019e+00 5.921799790980730194e+01
1.930618794044942632e+01 -8.677092962363271766e+00 1.018669039634040097e+00
1.961246570220350094e+01 -9.506017860096301675e+00 3.928635483142703055e+00
1.992437271780685037e+01 -9.020113988561284657e+00 6.838601926651366014e+00
2.018865129648269630e+01 -9.725195289192859249e+00 9.748568370160029417e+00
1.939629651195177473e+01 -9.148404611626386185e+00 1.265853481366869104e+01
2.031360669721593837e+01 -1.003493962069307344e+01 1.556850125717735622e+01
1.940299946290779332e+01 -9.389806517357140336e+00 1.847846770068601785e+01
1.868479288244620662e+01 -8.217897100855845238e+00 2.138843414419468303e+01
1.820761664859749374e+01 -9.503597739906664899e+00 2.429840058770334466e+01
1.670531758425320845e+01 -7.744548498584199692e+00 2.720836703121200628e+01
1.534347631531665002e+01 -7.598088965114813575e+00 3.011833347472067146e+01
1.454693702400695088e+01 -6.494998532532641811e+00 3.302829991822933664e+01
1.377379500070848728e+01 -6.655163572654296367e+00 3.593826636173799471e+01
1.218833627420940147e+01 -5.758448429398763224e+00 3.884823280524665989e+01
9.969189374113273772e+00 -5.134563053001545363e+00 4.175819924875532507e+01
6.938594189398702206e+00 -3.114804224459827520e+00 4.466816569226398315e+01
5.041371153138383576e+00 -2.765770786002852866e+00 4.757813213577264833e+01
4.162328559103070091e+00 -1.801162130269523542e+00 5.048809857928131350e+01
4.954947501878820049e+00 -2.454510376273737471e+00 5.339806502278997158e+01
6.810529446313053015e+00 -3.118086754875103672e+00 5.630803146629863676e+01
7.398823828727099539e+00 -3.062924884994972619e+00 5.921799790980730194e+01
1.192296994113296726e+01 5.884448417371718199e-01 1.018669039634040097e+00
1.317405285711592278e+01 -8.313061872995534118e-01 3.928635483142703055e+00
1.288283655538435113e+01 -8.229124313869549123e-01 6.838601926651366014e+00
1.226975711673452274e+01 -5.407533100905518308e-01 9.748568370160029417e+00
1.171649341849490433e+01 -1.235789150789401436e-01 1.265853481366869104e+01
1.219994412555703533e+01 -5.262697809290080020e-01 1.556850125717735622e+01
1.241553594624632417e+01 -4.362398816630603804e-01 1.847846770068601785e+01
1.256561010529779843e+01 -3.410632211328599728e-01 2.138843414419468303e+01
1.272767685380461167e+01 -5.219827651285283698e-01 2.429840058770334466e+01
1.231008807254650073e+01 -3.001630782745626225e-01 2.720836703121200628e+01
1.212470756091575019e+01 -7.333900134387297820e-01 3.011833347472067146e+01
1.123056251419509977e+01 -1.517553694566925460e-02 3.302829991822933664e+01
1.015243106462185985e+01 1.012176418449245441e-01 3.593826636173799471e+01
9.025884819875090059e+00 -2.677748153991721947e-01 3.884823280524665989e+01
7.312700338283791623e+00 -1.042091935420016019e-01 4.175819924875532507e+01
5.242522795626299192e+00 1.223850305468962701e-01 4.466816569226398315e+01
3.805095055273159943e+00 1.209590000342652405e-01 4.757813213577264833e+01
3.423442246039969827e+00 4.587970588854080600e-01 5.048809857928131350e+01
4.288739031715575578e+00 -5.793187958105447399e-02 5.339806502278997158e+01
6.104988312561802744e+00 1.236684534452149181e-01 5.630803146629863676e+01
6.709415994474057676e+00 3.130462229727092871e-01 5.921799790980730194e+01
8.175364797879366208e+00 3.954263610553283126e+00 1.018669039634040097e+00
8.339816781863756745e+00 3.645533252545888558e+00 3.928635483142703055e+00
8.130952487614271362e+00 3.547967798770551795e+00 6.838601926651366014e+00
8.078199432722016127e+00 3.400824323753028011e+00 9.748568370160029417e+00
8.072361879247269556e+00 3.275075844487888244e+00 1.265853481366869104e+01
8.307667962292970998e+00 3.286712304681592478e+00 1.556850125717735622e+01
8.414271644667641326e+00 3.515877082254250219e+00 1.847846770068601785e+01
8.638585870266686229e+00 3.904188947661232145e+00 2.138843414419468303e+01
9.037577112622566133e+00 3.984715071597996872e+00 2.429840058770334466e+01
9.218063101661929437e+00 3.893893425782247952e+00 2.720836703121200628e+01
8.919002230662654185e+00 3.883398758708867415e+00 3.011833347472067146e+01
8.041859014025654062e+00 4.126567796713903391e+00 3.302829991822933664e+01
7.861337163580595089e+00 3.450671690735934938e+00 3.593826636173799471e+01
6.866723932210359926e+00 3.121971625635429515e+00 3.884823280524665989e+01
5.456691656697013393e+00 2.440802889833483480e+00 4.175819924875532507e+01
4.527984401587259455e+00 1.856782528620894990e+00 4.466816569226398315e+01
3.487995476445320264e+00 1.589695933689979856e+00 4.757813213577264833e+01
3.180635889772775116e+00 1.558947632733930000e+00 5.048809857928131350e+01
3.927014430835749526e+00 1.657011704086761128e+00 5.339806502278997158e+01
5.530828504160383297e+00 2.731376168463318876e+00 5.630803146629863676e+01
6.116214329262457561e+00 2.904938926625117102e+00 5.921799790980730194e+01
5.279297231128035506e+00 6.163770807840049493e+00 1.018669039634040097e+00
5.006296767207783383e+00 6.348641381629307467e+00 3.928635483142703055e+00
5.172979298454327690e+00 6.071357872864600935e+00 6.838601926651366014e+00
5.238343398473772616e+00 5.831975662978287289e+00 9.748568370160029417e+00
5.104081354040612695e+00 6.026600768444622780e+00 1.265853481366869104e+01
5.629630581573775494e+00 5.899531346758317696e+00 1.556850125717735622e+01
5.837066461936929684e+00 6.155496930419086965e+00 1.847846770068601785e+01
5.952526679855060898e+00 6.844107798707157464e+00 2.138843414419468303e+01
6.470724327967360523e+00 7.042308985647084185e+00 2.429840058770334466e+01
6.207032681664776952e+00 7.736713116623803899e+00 2.720836703121200628e+01
6.833376841283707925e+00 6.813435313669832460e+00 3.011833347472067146e+01
5.828155915634845918e+00 7.663809304875635497e+00 3.302829991822933664e+01
6.031382728514124381e+00 6.335852777694840121e+00 3.593826636173799471e+01
5.022921134775458540e+00 6.164761696326782392e+00 3.884823280524665989e+01
4.398275491149292726e+00 4.990508019056765221e+00 4.175819924875532507e+01
3.655799960616542332e+00 3.873127105261595204e+00 4.466816569226398315e+01
2.963410711708939438e+00 3.225311115014219965e+00 4.757813213577264833e+01
2.670383396463255288e+00 3.289011874109109890e+00 5.048809857928131350e+01
3.292813467763370028e+00 3.750496332696301227e+00 5.339806502278997158e+01
4.633536741598521580e+00 5.429819528870025280e+00 5.630803146629863676e+01
5.031551601233576143e+00 5.716139955548247720e+00 5.921799790980730194e+01
2.512550792467885152e+00 8.115550567664179482e+00 1.018669039634040097e+00
2.321125320245733370e+00 8.516233823673013958e+00 3.928635483142703055e+00
2.622119807976162509e+00 8.332903964902691030e+00 6.838601926651366014e+00
2.800990939397161927e+00 8.139593208850623540e+00 9.748568370160029417e+00
2.426723235631615516e+00 8.718502881293730411e+00 1.265853481366869104e+01
2.614213773396818041e+00 8.987271671820515451e+00 1.556850125717735622e+01
2.779974331635415741e+00 9.507147609140398359e+00 1.847846770068601785e+01
3.105938308629569988e+00 9.906227353596843699e+00 2.138843414419468303e+01
3.357818224967385579e+00 1.051892577779076809e+01 2.429840058770334466e+01
3.077517431708857387e+00 1.160669026664784198e+01 2.720836703121200628e+01
3.804440748161340036e+00 1.095679912910766340e+01 3.011833347472067146e+01
2.807078830339269970e+00 1.214807067733433676e+01 3.302829991822933664e+01
3.195525821057547677e+00 1.086091963282290607e+01 3.593826636173799471e+01
2.771845098604777569e+00 1.035666936505779567e+01 3.884823280524665989e+01
2.519427481617048770e+00 9.321695362867227885e+00 4.175819924875532507e+01
2.106655735116742090e+00 8.411494275870543547e+00 4.466816569226398315e+01
1.868735089100382663e+00 7.338079470229988743e+00 4.757813213577264833e+01
1.693393822998401355e+00 7.697205245210821722e+00 5.048809857928131350e+01
2.175096735569108208e+00 7.910196124536962081e+00 5.339806502278997158e+01
2.816213201346654316e+00 8.966391164599476937e+00 5.630803146629863676e+01
3.194809467399148062e+00 9.057822157472008584e+00 5.921799790980730194e+01
-1.965739942281211849e+00 1.187224485156681197e+01 1.018669039634040097e+00
-2.091264608851444606e+00 1.263949199866773476e+01 3.928635483142703055e+00
-2.170521694109020405e+00 1.322191807047614631e+01 6.838601926651366014e+00
-2.479680199387762851e+00 1.385048269359007378e+01 9.748568370160029417e+00
-2.704712277200625348e+00 1.443406971465388722e+01 1.265853481366869104e+01
-2.458916944035334673e+00 1.459637130998169141e+01 1.556850125717735622e+01
-1.909523825660037089e+00 1.463181582472915032e+01 1.847846770068601785e+01
-2.502653916995152272e+00 1.626509214225098177e+01 2.138843414419468303e+01
-2.439952054129347569e+00 1.736388315675761618e+01 2.429840058770334466e+01
-2.985001388897180252e+00 1.938226191210324956e+01 2.720836703121200628e+01
-2.557715601024427521e+00 1.958067465527675211e+01 3.011833347472067146e+01
-2.985366110365661463e+00 2.024850290925961005e+01 3.302829991822933664e+01
-3.196370645362198282e+00 2.039782809726609614e+01 3.593826636173799471e+01
-2.493871469583337941e+00 1.923381581891000991e+01 3.884823280524665989e+01
-2.450262433448937571e+00 1.874546620721829271e+01 4.175819924875532507e+01
-1.640902373904564282e+00 1.718149230654744386e+01 4.466816569226398315e+01
-2.171980586876028241e+00 1.638872484520372197e+01 4.757813213577264833e+01
-1.780558901857982601e+00 1.454402958259341183e+01 5.048809857928131350e+01
-1.198889913126150342e+00 1.286354952814465591e+01 5.339806502278997158e+01
-1.568120813104841860e+00 1.181985884153365518e+01 5.630803146629863676e+01
-1.243574473375410383e+00 1.136605178937655758e+01 5.921799790980730194e+01
-8.224578939661492782e+00 1.320765100838035622e+01 1.018669039634040097e+00
-9.599570508787273582e+00 1.687442513417498802e+01 3.928635483142703055e+00
-1.149800319613115107e+01 1.902176413734463978e+01 6.838601926651366014e+00
-1.113655570029422925e+01 1.982439950357940717e+01 9.748568370160029417e+00
-1.200026956011427082e+01 2.053755819356168999e+01 1.265853481366869104e+01
-1.190461647750629304e+01 1.959441217228788901e+01 1.556850125717735622e+01
-1.063811596386767810e+01 1.774449222975808027e+01 1.847846770068601785e+01
-9.765609894260455448e+00 1.691318945550654362e+01 2.138843414419468303e+01
-1.013550020479469893e+01 1.788476698719637170e+01 2.429840058770334466e+01
-1.062288740732478587e+01 1.884520396642367146e+01 2.720836703121200628e+01
-1.024633165556479675e+01 1.870793641064219415e+01 3.011833347472067146e+01
-1.011426240729519499e+01 1.820752461904922370e+01 3.302829991822933664e+01
-1.003020559499572073e+01 1.765105493086230481e+01 3.593826636173799471e+01
-9.895396656881450426e+00 1.791741893051074896e+01 3.884823280524665989e+01
-9.811397612437026794e+00 1.741657752769398115e+01 4.175819924875532507e+01
-9.178935377215896807e+00 1.695512038075800376e+01 4.466816569226398315e+01
-8.562971395291720356e+00 1.557537604136074272e+01 4.757813213577264833e+01
-7.794755150844228098e+00 1.363955186904185268e+01 5.048809857928131350e+01
-6.724087945227069874e+00 1.206190036141163624e+01 5.339806502278997158e+01
-6.062923556855442264e+00 1.031465872571601672e+01 5.630803146629863676e+01
-5.743666146911962755e+00 9.925140231711599981e+00 5.921799790980730194e+01
-8.190265316994276290e+00 6.317344737775859365e+00 1.018669039634040097e+00
-1.182474047936371164e+01 9.624046335167459887e+00 3.928635483142703055e+00
-1.386363435071286077e+01 1.125951344452686342e+01 6.838601926651366014e+00
-1.465485370763542150e+01 1.147726278505687958e+01 9.748568370160029417e+00
-1.400437823073110089e+01 1.125514640422473533e+01 1.265853481366869104e+01
-1.199661447435418715e+01 1.015319928652225023e+01 1.556850125717735622e+01
-9.291320009223202447e+00 7.814548138037555880e+00 1.847846770068601785e+01
-8.527163958814321987e+00 6.918545872688164344e+00 2.138843414419468303e+01
-9.499976070398394867e+00 7.043177163072854796e+00 2.429840058770334466e+01
-1.035027211602647057e+01 7.795991242997844850e+00 2.720836703121200628e+01
-1.011212313650536032e+01 7.386356832387429350e+00 3.011833347472067146e+01
-9.859391411909731673e+00 7.338229204996014943e+00 3.302829991822933664e+01
-9.724274739672029710e+00 7.610538424576070327e+00 3.593826636173799471e+01
-9.911916776870238976e+00 7.594688594992651254e+00 3.884823280524665989e+01
-1.029564924824220817e+01 7.807911522159936446e+00 4.175819924875532507e+01
-1.053473332041465227e+01 8.189407597855636212e+00 4.466816569226398315e+01
-1.047473842294389890e+01 8.090701346452700449e+00 4.757813213577264833e+01
-1.018412959120831474e+01 7.480778384384725754e+00 5.048809857928131350e+01
-9.568883726035814163e+00 7.092465162313182248e+00 5.339806502278997158e+01
-8.496397022900797680e+00 6.834741381295013518e+00 5.630803146629863676e+01
-8.084097956679563879e+00 6.888629129803044648e+00 5.921799790980730194e+01
-6.821302627267248120e+00 1.597331741319256038e+00 1.018669039634040097e+00
-9.738439393958859824e+00 2.435506801365574514e+00 3.928635483142703055e+00
-1.197463904645642430e+01 3.123006305665489091e+00 6.838601926651366014e+00
-1.277727910146564483e+01 2.954689235846977624e+00 9.748568370160029417e+00
-1.211971168201330151e+01 2.761052957257749352e+00 1.265853481366869104e+01
-1.057059661838668596e+01 2.519772011355084107e+00 1.556850125717735622e+01
-9.384510157781162931e+00 2.167778541418400096e+00 1.847846770068601785e+01
-9.435494760973286432e+00 2.043288148348535671e+00 2.138843414419468303e+01
-1.040029825520050366e+01 2.071241666519506808e+00 2.429840058770334466e+01
-1.093998692099619419e+01 2.253661075797549707e+00 2.720836703121200628e+01
-1.026386111822082903e+01 2.275203442306817703e+00 3.011833347472067146e+01
-9.863391002589970924e+00 2.074356863452240685e+00 3.302829991822933664e+01
-9.661234479373270290e+00 2.145290083308969198e+00 3.593826636173799471e+01
-9.880523930050127746e+00 2.224922076148435401e+00 3.884823280524665989e+01
-1.034177361754921165e+01 2.123290169474889133e+00 4.175819924875532507e+01
-1.083602622715033270e+01 2.387066142594723939e+00 4.466816569226398315e+01
-1.110011992562925087e+01 2.405218085273744144e+00 4.757813213577264833e+01
-1.102238467884732920e+01 2.573591215038245394e+00 5.048809857928131350e+01
-1.068614596172447406e+01 2.448231586978681484e+00 5.339806502278997158e+01
-1.014400066475326057e+01 2.123023216730168805e+00 5.630803146629863676e+01
-9.973584448307128980e+00 2.093107864030871124e+00 5.921799790980730194e+01
-5.468927061785826993e+00 -1.008187240149551300e+00 1.018669039634040097e+00
-8.286030673887587739e+00 -1.388785320204286799e+00 3.928635483142703055e+00
-1.034054416578807967e+01 -1.769549097186774889e+00 6.838601926651366014e+00
-1.129413456313643671e+01 -2.441132380543444835e+00 9.748568370160029417e+00
-1.175162358786693240e+01 -2.669740443271022556e+00 1.265853481366869104e+01
-1.166389815985525935e+01 -2.504854422723110208e+00 1.556850125717735622e+01
-1.161108211208837027e+01 -2.891380604305493041e+00 1.847846770068601785e+01
-1.166029401852524394e+01 -2.665699235756036511e+00 2.138843414419468303e+01
-1.196868549864773179e+01 -2.719882989103452609e+00 2.429840058770334466e+01
-1.129024210340680057e+01 -2.597471828148161688e+00 2.720836703121200628e+01
-1.013906956879129062e+01 -2.128108346764555847e+00 3.011833347472067146e+01
-9.513321521824600779e+00 -2.402920528742920059e+00 3.302829991822933664e+01
-9.344551469032120750e+00 -1.987239728450076681e+00 3.593826636173799471e+01
-9.511309660756797513e+00 -2.119601557492869937e+00 3.884823280524665989e+01
-1.006211706092321556e+01 -2.157941254967900235e+00 4.175819924875532507e+01
-1.058194204999504251e+01 -2.528305541616598262e+00 4.466816569226398315e+01
-1.105469347232384969e+01 -2.022131924454320995e+00 4.757813213577264833e+01
-1.118854850720541272e+01 -2.290552546690540758e+00 5.048809857928131350e+01
-1.110493281718733805e+01 -2.279694018796733168e+00 5.339806502278997158e+01
-1.073855716677453920e+01 -2.842955354732720430e+00 5.630803146629863676e+01
-1.059455408692774903e+01 -2.867937089179759980e+00 5.921799790980730194e+01
