-5.271397196821996367e+00 -1.183511288941132999e+00 1.083648903970590105e+00
-7.341673933794640838e+00 -1.747048633811516538e+00 3.776932277253895354e+00
-8.944999018381743383e+00 -1.654453253081453523e+00 6.470215650537200602e+00
-9.906480991453992857e+00 -2.197070623207522111e+00 9.163499023820506295e+00
-1.036600826679645060e+01 -2.008310908766241631e+00 1.185678239710381021e+01
-1.040098305308409010e+01 -2.175604728660627263e+00 1.455006577038711768e+01
-1.038726870620534370e+01 -2.187991387603868798e+00 1.724334914367042160e+01
-1.040182627319294895e+01 -2.290990983185630991e+00 1.993663251695372907e+01
-1.049770860385432769e+01 -2.011087213428144338e+00 2.262991589023703298e+01
-1.069753017210204327e+01 -2.489707851008411410e+00 2.532319926352033690e+01
-1.024505086895192463e+01 -2.438730955616975837e+00 2.801648263680364437e+01
-9.803521649417820782e+00 -2.376148334960247688e+00 3.070976601008694828e+01
-9.358711555004862959e+00 -2.101297478645727690e+00 3.340304938337025220e+01
-9.075979495833655264e+00 -2.043099298520217211e+00 3.609633275665355967e+01
-9.185042466391180938e+00 -2.056015040456260046e+00 3.878961612993686714e+01
-9.423754145627986745e+00 -1.897660349946451941e+00 4.148289950322016750e+01
-9.552452975309577710e+00 -2.163761012818004925e+00 4.417618287650347497e+01
-9.547148998254241903e+00 -2.012574098857479843e+00 4.686946624978678244e+01
-9.373022837955042874e+00 -1.968070432874646114e+00 4.956274962307008281e+01
-8.957065971838398255e+00 -1.988021071134031814e+00 5.225603299635339027e+01
-8.825705425756703804e+00 -1.947289569208252802e+00 5.494931636963669774e+01
-4.445869444926652925e+00 -3.447422631274150717e+00 1.083648903970590105e+00
-5.814337554393434360e+00 -4.360023957264933969e+00 3.776932277253895354e+00
-7.157390982187648021e+00 -4.994310858581345158e+00 6.470215650537200602e+00
-7.716997055291236585e+00 -5.837030556177822405e+00 9.163499023820506295e+00
-8.704950496155712258e+00 -5.866092005653296582e+00 1.185678239710381021e+01
-8.976895039611759941e+00 -6.423143685754646448e+00 1.455006577038711768e+01
-9.649968019569262978e+00 -6.304757181239983410e+00 1.724334914367042160e+01
-9.667405606469257506e+00 -7.065954902570941165e+00 1.993663251695372907e+01
-1.032028060707440353e+01 -7.064977414763059294e+00 2.262991589023703298e+01
-1.025811203699984198e+01 -7.491113956787033956e+00 2.532319926352033690e+01
-9.821398154609918052e+00 -6.920789132151067058e+00 2.801648263680364437e+01
-9.369843348380900494e+00 -7.316404752349112250e+00 3.070976601008694828e+01
-9.162166924526625067e+00 -7.382910713916092327e+00 3.340304938337025220e+01
-9.006298571128589003e+00 -6.688275372965835963e+00 3.609633275665355967e+01
-8.772463839625254778e+00 -6.969130482372590585e+00 3.878961612993686714e+01
-8.737081881996143551e+00 -6.631396350008882834e+00 4.148289950322016750e+01
-8.770718504420258910e+00 -6.374654568107211539e+00 4.417618287650347497e+01
-8.841268697708169810e+00 -6.250344126722889193e+00 4.686946624978678244e+01
-8.680575953631855413e+00 -6.781396060274974324e+00 4.956274962307008281e+01
-8.610764171866412298e+00 -6.352107658357508235e+00 5.225603299635339027e+01
-8.472522397023348972e+00 -6.565283261915308088e+00 5.494931636963669774e+01
-3.097107818955819436e+00 -5.453061097128807155e+00 1.083648903970590105e+00
-3.610530151659372855e+00 -6.611478061726477229e+00 3.776932277253895354e+00
-4.435702800681607272e+00 -7.458466227648789193e+00 6.470215650537200602e+00
-4.862552511048476411e+00 -8.722851398721143568e+00 9.163499023820506295e+00
-5.721701257950107866e+00 -9.242261751163464822e+00 1.185678239710381021e+01
-5.460021778843412221e+00 -1.031203831438696383e+01 1.455006577038711768e+01
-6.164474997387107358e+00 -1.029691201293773162e+01 1.724334914367042160e+01
-6.284612188380567233e+00 -1.110966573535012181e+01 1.993663251695372907e+01
-7.091456463287487466e+00 -1.162927697726635401e+01 2.262991589023703298e+01
-7.078218574310246147e+00 -1.276473362391970845e+01 2.532319926352033690e+01
-7.213937769761498586e+00 -1.275984257892697826e+01 2.801648263680364437e+01
-7.156920823681693911e+00 -1.263500315446515287e+01 3.070976601008694828e+01
-7.076940493653702369e+00 -1.222628048039757509e+01 3.340304938337025220e+01
-6.998673178505257830e+00 -1.159727681135099608e+01 3.609633275665355967e+01
-6.539489578110303292e+00 -1.146846004449608891e+01 3.878961612993686714e+01
-6.595206792389589623e+00 -1.082715002965321638e+01 4.148289950322016750e+01
-6.171253006685318176e+00 -1.081762846286873625e+01 4.417618287650347497e+01
-6.036428901651327728e+00 -1.069971055895490153e+01 4.686946624978678244e+01
-6.149363825060695454e+00 -1.059958049335089392e+01 4.956274962307008281e+01
-5.716805705368463109e+00 -1.049114509504259019e+01 5.225603299635339027e+01
-5.639579625109204741e+00 -1.030316026301902355e+01 5.494931636963669774e+01
-1.158246820848661152e+00 -7.484052139371257795e+00 1.083648903970590105e+00
-4.951601811404161557e-01 -9.703272771602856395e+00 3.776932277253895354e+00
-5.953779065711567453e-01 -1.130889412181927867e+01 6.470215650537200602e+00
-3.249880475591938600e-01 -1.278519471800278851e+01 9.163499023820506295e+00
-1.503099978429584427e+00 -1.331846330984819815e+01 1.185678239710381021e+01
-7.836473921968691858e-01 -1.470100825921196375e+01 1.455006577038711768e+01
-1.452421652997520019e+00 -1.532013810319469194e+01 1.724334914367042160e+01
-5.258313691297669124e-01 -1.576614522755717296e+01 1.993663251695372907e+01
-4.540967081710942793e-02 -1.659828149860631186e+01 2.262991589023703298e+01
-1.342457881383950058e+00 -1.646270371697221790e+01 2.532319926352033690e+01
-1.764745363567829184e+00 -1.657047424414795245e+01 2.801648263680364437e+01
-1.281809791415037258e+00 -1.617748508483236591e+01 3.070976601008694828e+01
-1.487722419304783328e+00 -1.551220235161069994e+01 3.340304938337025220e+01
-9.364050909158977420e-01 -1.434905715711781760e+01 3.609633275665355967e+01
-1.413625422436470824e+00 -1.352786023904380031e+01 3.878961612993686714e+01
-1.547722050609659172e+00 -1.260725992168205067e+01 4.148289950322016750e+01
-9.791306718467854830e-01 -1.185806138163525780e+01 4.417618287650347497e+01
-1.708137320022625083e+00 -1.178407829554132391e+01 4.686946624978678244e+01
-8.387273057736788218e-01 -1.152496818080395968e+01 4.956274962307008281e+01
-1.049416283424989160e+00 -1.073918854309394355e+01 5.225603299635339027e+01
-1.178413360899709605e+00 -1.059451904156324709e+01 5.494931636963669774e+01
2.090360667172447062e+00 -1.149893878939149339e+01 1.083648903970590105e+00
3.357067626157296480e+00 -1.267748502409456357e+01 3.776932277253895354e+00
5.779598182806421569e+00 -1.299982741594556757e+01 6.470215650537200602e+00
6.267770312169603564e+00 -1.370928445622471870e+01 9.163499023820506295e+00
5.214710124782015122e+00 -1.439288923606584625e+01 1.185678239710381021e+01
5.465367054473379227e+00 -1.491193104660874980e+01 1.455006577038711768e+01
5.337956173360896450e+00 -1.521223870927600608e+01 1.724334914367042160e+01
5.056392349843497058e+00 -1.533807621374335284e+01 1.993663251695372907e+01
5.288301498634716324e+00 -1.519157770543343311e+01 2.262991589023703298e+01
4.670356037058009946e+00 -1.501905572428699109e+01 2.532319926352033690e+01
4.389401256984793775e+00 -1.424536745698036455e+01 2.801648263680364437e+01
4.138621259083929971e+00 -1.418822419768980758e+01 3.070976601008694828e+01
3.800903877905878137e+00 -1.339695008832228318e+01 3.340304938337025220e+01
4.829814551567470637e+00 -1.359334556376417247e+01 3.609633275665355967e+01
4.443547394010328944e+00 -1.307732968047485045e+01 3.878961612993686714e+01
3.617406427623515608e+00 -1.178450610742104132e+01 4.148289950322016750e+01
3.603939591643499085e+00 -1.032246216863203259e+01 4.417618287650347497e+01
3.045178700139743455e+00 -9.806096810949190612e+00 4.686946624978678244e+01
3.090867699491737230e+00 -9.315130605150672594e+00 4.956274962307008281e+01
3.060933486147872529e+00 -8.993889965784644502e+00 5.225603299635339027e+01
2.714221409464661949e+00 -9.173411689760667898e+00 5.494931636963669774e+01
1.213153965501512133e+01 -1.075996659186586157e+01 1.083648903970590105e+00
1.209126815397488564e+01 -1.143164990105341516e+01 3.776932277253895354e+00
1.125859152447943146e+01 -1.243804929946827009e+01 6.470215650537200602e+00
1.202154693093070037e+01 -1.302964294480891283e+01 9.163499023820506295e+00
1.386990513435272021e+01 -1.339562908479648762e+01 1.185678239710381021e+01
1.302194374387152642e+01 -1.394293311200680741e+01 1.455006577038711768e+01
1.335995156427172859e+01 -1.368795613514523701e+01 1.724334914367042160e+01
1.163583861219687954e+01 -1.408740450832186752e+01 1.993663251695372907e+01
1.181542143278548274e+01 -1.333554804651366332e+01 2.262991589023703298e+01
9.739888653005884578e+00 -1.244168849071549054e+01 2.532319926352033690e+01
9.380822577495031567e+00 -1.214929055452808981e+01 2.801648263680364437e+01
8.241628279621179942e+00 -1.207945446539711298e+01 3.070976601008694828e+01
9.966639314591306587e+00 -1.112919471448882014e+01 3.340304938337025220e+01
1.020140436790062388e+01 -9.872247039295618976e+00 3.609633275665355967e+01
8.753068477770751699e+00 -1.009493267086680213e+01 3.878961612993686714e+01
7.046510002788265226e+00 -8.210504110849363713e+00 4.148289950322016750e+01
5.792004775564135066e+00 -6.538525488345140246e+00 4.417618287650347497e+01
4.936347610951044018e+00 -6.131875671656914051e+00 4.686946624978678244e+01
5.027728743801135103e+00 -5.752919816739854753e+00 4.956274962307008281e+01
5.465961010837857792e+00 -6.489444286290909858e+00 5.225603299635339027e+01
5.511594165815647983e+00 -6.670514066136759013e+00 5.494931636963669774e+01
1.650795149126813754e+01 -7.930370912614931100e+00 1.083648903970590105e+00
1.760874494310911231e+01 -8.480377689527198726e+00 3.776932277253895354e+00
1.817267758112243925e+01 -9.714606120358823205e+00 6.470215650537200602e+00
1.833306724051321623e+01 -1.008397895110907427e+01 9.163499023820506295e+00
1.807101629455694081e+01 -1.013883382750560891e+01 1.185678239710381021e+01
1.763456879097775243e+01 -9.736443647699035253e+00 1.455006577038711768e+01
1.681934923920988467e+01 -8.868995114754920195e+00 1.724334914367042160e+01
1.616883275165298173e+01 -8.603760849105926312e+00 1.993663251695372907e+01
1.521336997949936176e+01 -8.183558549700032714e+00 2.262991589023703298e+01
1.380417508075649913e+01 -7.057508901405863178e+00 2.532319926352033690e+01
1.287928521062702103e+01 -6.458134163804520433e+00 2.801648263680364437e+01
1.169190688298094116e+01 -4.984030712585737710e+00 3.070976601008694828e+01
1.088205046361701989e+01 -4.793580820864065117e+00 3.340304938337025220e+01
9.865486706842311548e+00 -5.023759027399847810e+00 3.609633275665355967e+01
7.921950567377303187e+00 -3.872925477725643439e+00 3.878961612993686714e+01
6.121165445139756578e+00 -3.149836118987047406e+00 4.148289950322016750e+01
4.994072098146165040e+00 -2.705011767398354916e+00 4.417618287650347497e+01
4.494830905025730239e+00 -2.401714587385440414e+00 4.686946624978678244e+01
5.001220745156325975e+00 -2.611963417108130070e+00 4.956274962307008281e+01
6.406529922882241657e+00 -2.706174982895723780e+00 5.225603299635339027e+01
6.809300781190720464e+00 -2.765405187461832615e+00 5.494931636963669774e+01
1.138492493906032799e+01 2.087188951232832324e-03 1.083648903970590105e+00
1.170950327674034597e+01 -7.390756076850456546e-01 3.776932277253895354e+00
1.104358251699366633e+01 -5.165031719042602054e-01 6.470215650537200602e+00
1.069598129023290589e+01 -6.978912859544318392e-01 9.163499023820506295e+00
9.915452500490513188e+00 -9.900294428910326461e-02 1.185678239710381021e+01
1.034038775461611515e+01 -3.537138304080610918e-01 1.455006577038711768e+01
1.041673025640463202e+01 -2.905934009236371129e-01 1.724334914367042160e+01
1.043543039922645654e+01 -2.121313893642947368e-01 1.993663251695372907e+01
1.077462572445966416e+01 -8.119556633192682726e-01 2.262991589023703298e+01
9.964737983497609974e+00 -1.214582538768694403e-01 2.532319926352033690e+01
9.711569096057312223e+00 -4.013228073374749960e-01 2.801648263680364437e+01
8.931119975798550215e+00 1.167730344270724724e-01 3.070976601008694828e+01
8.492349931510569050e+00 -5.467673605887939381e-01 3.340304938337025220e+01
7.236161977884981056e+00 -2.832777225677670652e-01 3.609633275665355967e+01
5.875263315117000396e+00 -1.574351220799184436e-01 3.878961612993686714e+01
5.036214793884703056e+00 -2.298288656522643469e-01 4.148289950322016750e+01
4.129773503373344923e+00 1.783685650297366920e-01 4.417618287650347497e+01
4.184153462410380442e+00 -8.738900376917529966e-01 4.686946624978678244e+01
4.781971910373403745e+00 -6.809521864995629614e-02 4.956274962307008281e+01
6.608196117151547533e+00 4.955147089555959894e-02 5.225603299635339027e+01
7.262361133655504730e+00 -1.352043752531675302e-01 5.494931636963669774e+01
7.680873697991788873e+00 3.958144282690194693e+00 1.083648903970590105e+00
7.961966569804095784e+00 3.317277566188415960e+00 3.776932277253895354e+00
7.526992232150576001e+00 3.263621545222914477e+00 6.470215650537200602e+00
7.596954940920652710e+00 2.624258065672090190e+00 9.163499023820506295e+00
7.344299478002954906e+00 2.851721321042969937e+00 1.185678239710381021e+01
7.398581245116725214e+00 2.985707680531582309e+00 1.455006577038711768e+01
7.643549230724824284e+00 3.162917237817342908e+00 1.724334914367042160e+01
7.803720262474175051e+00 3.415679093333772620e+00 1.993663251695372907e+01
8.000065406823589242e+00 3.343235010622590320e+00 2.262991589023703298e+01
7.718563877116713101e+00 3.502870759075415119e+00 2.532319926352033690e+01
7.416073291584173610e+00 3.324514494379279927e+00 2.801648263680364437e+01
6.950866244951662054e+00 3.503484597090829933e+00 3.070976601008694828e+01
6.517393850828144153e+00 2.969804376889052300e+00 3.340304938337025220e+01
5.931454487314303137e+00 2.476367670425394962e+00 3.609633275665355967e+01
5.137565016397282136e+00 2.246854281490192395e+00 3.878961612993686714e+01
4.278535290415019787e+00 1.791585311383643075e+00 4.148289950322016750e+01
3.865044656354089891e+00 1.489824790387829889e+00 4.417618287650347497e+01
3.968082658390040596e+00 2.036116161279363457e+00 4.686946624978678244e+01
5.112572937513294669e+00 2.424553652388708347e+00 4.956274962307008281e+01
6.855044816623539816e+00 3.319358098290686065e+00 5.225603299635339027e+01
7.358531027196538510e+00 3.504455272091873574e+00 5.494931636963669774e+01
4.880807208679964759e+00 6.504623842248159704e+00 1.083648903970590105e+00
5.137065607751489793e+00 5.970527152274309302e+00 3.776932277253895354e+00
4.716422431697362860e+00 5.887961807329505248e+00 6.470215650537200602e+00
5.187568614416953494e+00 5.244786995540493102e+00 9.163499023820506295e+00
5.210276737868243302e+00 5.342624847993576509e+00 1.185678239710381021e+01
5.134050802937907498e+00 5.815846439820369973e+00 1.455006577038711768e+01
5.443272886988680170e+00 5.946060895811597469e+00 1.724334914367042160e+01
5.692004079507039016e+00 6.308208972479259380e+00 1.993663251695372907e+01
5.787594810786167443e+00 6.767246769044561461e+00 2.262991589023703298e+01
5.993856935137079844e+00 6.473350775824242120e+00 2.532319926352033690e+01
5.880122728802935406e+00 6.598931733543802913e+00 2.801648263680364437e+01
5.548963624417708296e+00 6.510853842350542209e+00 3.070976601008694828e+01
5.193450743501919931e+00 6.570126959542180067e+00 3.340304938337025220e+01
5.054008622662792050e+00 5.823716220418828193e+00 3.609633275665355967e+01
4.465378431080885058e+00 5.517008744581947788e+00 3.878961612993686714e+01
4.037639148546458223e+00 4.977559068610154291e+00 4.148289950322016750e+01
3.798112656623534811e+00 5.280720207961812740e+00 4.417618287650347497e+01
4.028886264191762656e+00 5.096151619579568859e+00 4.686946624978678244e+01
5.042422809866963007e+00 5.825268867817871232e+00 4.956274962307008281e+01
6.409148444721402882e+00 7.319979106196631058e+00 5.225603299635339027e+01
6.822487563169582714e+00 7.081995069110343266e+00 5.494931636963669774e+01
2.027387554234125311e+00 8.861526734530436045e+00 1.083648903970590105e+00
2.105558502730333181e+00 8.727039345680019267e+00 3.776932277253895354e+00
2.250132552642070127e+00 8.421216727076870967e+00 6.470215650537200602e+00
2.345233831381166922e+00 8.407250955945144710e+00 9.163499023820506295e+00
2.461950057265275049e+00 8.720927184783969111e+00 1.185678239710381021e+01
2.653682925647766311e+00 9.064655066645112669e+00 1.455006577038711768e+01
2.727157037226303427e+00 9.537504646312211065e+00 1.724334914367042160e+01
3.016698995874278921e+00 9.966356719050741830e+00 1.993663251695372907e+01
2.830108133385170976e+00 1.090344628958541406e+01 2.262991589023703298e+01
3.023476213947739577e+00 1.138002980237372874e+01 2.532319926352033690e+01
3.262187574035523507e+00 1.153110513131301040e+01 2.801648263680364437e+01
2.906708058365387259e+00 1.269015406526119349e+01 3.070976601008694828e+01
3.250646876784395012e+00 1.238164227875787837e+01 3.340304938337025220e+01
3.426007136576614265e+00 1.214231402242804236e+01 3.609633275665355967e+01
3.265222681962489659e+00 1.256573067753278394e+01 3.878961612993686714e+01
3.308851805182104311e+00 1.216473987559282399e+01 4.148289950322016750e+01
3.233532879777430313e+00 1.206671386565572845e+01 4.417618287650347497e+01
3.313434737247819672e+00 1.116266239344255240e+01 4.686946624978678244e+01
3.390777484124171792e+00 1.106088735192331640e+01 4.956274962307008281e+01
3.735969454187773486e+00 1.075536626122389627e+01 5.225603299635339027e+01
4.178099655470663087e+00 1.049022229356878455e+01 5.494931636963669774e+01
-2.914929543102383391e+00 1.310152144911464944e+01 1.083648903970590105e+00
-2.727320970809004930e+00 1.384885414022391892e+01 3.776932277253895354e+00
-2.980936027137147448e+00 1.469117381889104657e+01 6.470215650537200602e+00
-2.887278443912421277e+00 1.497603811992387435e+01 9.163499023820506295e+00
-2.792830456266015560e+00 1.520244261189465540e+01 1.185678239710381021e+01
-2.188466242162534048e+00 1.507970095925196929e+01 1.455006577038711768e+01
-2.478844242855440250e+00 1.604457299033769857e+01 1.724334914367042160e+01
-2.554711113601343175e+00 1.730523632294467617e+01 1.993663251695372907e+01
-2.653951661890399549e+00 1.874007251359024195e+01 2.262991589023703298e+01
-2.488050666996019622e+00 1.964140294236783646e+01 2.532319926352033690e+01
-2.320745730857861844e+00 1.961979462959488885e+01 2.801648263680364437e+01
-1.780424783868547634e+00 1.926336753557070480e+01 3.070976601008694828e+01
-2.012185383529131233e+00 1.957547002919043422e+01 3.340304938337025220e+01
-2.346423275636315253e+00 1.905600088998645703e+01 3.609633275665355967e+01
-2.237830256889244751e+00 1.822581343977281065e+01 3.878961612993686714e+01
-1.712140632587478173e+00 1.699616151154027932e+01 4.148289950322016750e+01
-1.259659531882825645e+00 1.559512176441825737e+01 4.417618287650347497e+01
-1.315047752103402301e+00 1.382211487494792657e+01 4.686946624978678244e+01
-1.241952227776196738e+00 1.218452933698000074e+01 4.956274962307008281e+01
-9.774849004244323680e-01 1.079678579827452189e+01 5.225603299635339027e+01
-1.056541396882102912e+00 1.042082834854424256e+01 5.494931636963669774e+01
-8.081067474995004218e+00 1.402131531619984628e+01 1.083648903970590105e+00
-9.907981850757128228e+00 1.771724274411969091e+01 3.776932277253895354e+00
-1.087165189956153100e+01 1.915026509202320071e+01 6.470215650537200602e+00
-1.128964293749537440e+01 1.951165726891334984e+01 9.163499023820506295e+00
-1.121312377198973742e+01 1.914290978570163659e+01 1.185678239710381021e+01
-9.788229187514968288e+00 1.662576275240377299e+01 1.455006577038711768e+01
-7.926366871236589340e+00 1.462264581225299231e+01 1.724334914367042160e+01
-7.487981455756389515e+00 1.445621260737485514e+01 1.993663251695372907e+01
-8.472655432300278733e+00 1.585609957730241248e+01 2.262991589023703298e+01
-9.427836376996744150e+00 1.746106644689915299e+01 2.532319926352033690e+01
-8.802133144541029353e+00 1.631746042430064492e+01 2.801648263680364437e+01
-7.666302005276734555e+00 1.548826468673220980e+01 3.070976601008694828e+01
-6.943791257029093167e+00 1.375777737660119016e+01 3.340304938337025220e+01
-6.449084399064156869e+00 1.294394236929796627e+01 3.609633275665355967e+01
-6.109612895101850683e+00 1.250663629894901163e+01 3.878961612993686714e+01
-6.094991453118184133e+00 1.147833500752140701e+01 4.148289950322016750e+01
-5.805635002740435979e+00 1.092174898202275557e+01 4.417618287650347497e+01
-5.359849364413054040e+00 1.021500671995286247e+01 4.686946624978678244e+01
-4.948759676939745056e+00 9.041516944729540484e+00 4.956274962307008281e+01
-4.551137044602375781e+00 8.081167236106011842e+00 5.225603299635339027e+01
-4.513146850046185321e+00 7.821254009541290131e+00 5.494931636963669774e+01
-7.412609351839865468e+00 5.847902727326296457e+00 1.083648903970590105e+00
-1.019227515178367760e+01 8.335511311289033998e+00 3.776932277253895354e+00
-1.187642848264205675e+01 9.634383922935359834e+00 6.470215650537200602e+00
-1.220870096775727731e+01 9.379505510439182459e+00 9.163499023820506295e+00
-1.086303015327252375e+01 8.747608248316412372e+00 1.185678239710381021e+01
-8.454569932156280387e+00 6.521772622349060633e+00 1.455006577038711768e+01
-6.886583579903381214e+00 5.264035519053789969e+00 1.724334914367042160e+01
-6.952095151821717778e+00 5.070062587907372631e+00 1.993663251695372907e+01
-7.913679301999993143e+00 5.888504097699742701e+00 2.262991589023703298e+01
-9.503809428214907484e+00 7.307308628692921637e+00 2.532319926352033690e+01
-9.575949757652125527e+00 7.174372489735151959e+00 2.801648263680364437e+01
-8.765057408942920958e+00 6.434894614531583734e+00 3.070976601008694828e+01
-7.915165252822850661e+00 6.344884675838526000e+00 3.340304938337025220e+01
-7.661027025186579742e+00 5.744126837120782092e+00 3.609633275665355967e+01
-7.649232452351275136e+00 6.056871960811385236e+00 3.878961612993686714e+01
-7.940649968292154526e+00 5.687702811622060928e+00 4.148289950322016750e+01
-7.948035638228823530e+00 5.685564976942091064e+00 4.417618287650347497e+01
-7.526379922209123663e+00 5.750718577931601239e+00 4.686946624978678244e+01
-7.180086898588768030e+00 5.437189309639387069e+00 4.956274962307008281e+01
-6.721751951258574387e+00 4.755142987071539373e+00 5.225603299635339027e+01
-6.565214679007013387e+00 4.626420691854500333e+00 5.494931636963669774e+01
-6.103081876742677991e+00 1.578494998660878501e+00 1.083648903970590105e+00
-8.385863865595446498e+00 2.118908998919806219e+00 3.776932277253895354e+00
-1.049225588825515487e+01 2.557671324586262784e+00 6.470215650537200602e+00
-1.107935368058762293e+01 2.768056301661551810e+00 9.163499023820506295e+00
-1.007921280585985357e+01 2.402661176084190497e+00 1.185678239710381021e+01
-9.019182452502583658e+00 1.624484048188551188e+00 1.455006577038711768e+01
-8.351074060104815899e+00 1.813442486380007601e+00 1.724334914367042160e+01
-8.606034985379293900e+00 1.610438577104431612e+00 1.993663251695372907e+01
-9.173589754956374520e+00 1.782545561959866687e+00 2.262991589023703298e+01
-1.012776389832537660e+01 2.249247425831360392e+00 2.532319926352033690e+01
-9.946315978846268280e+00 2.082820387300440945e+00 2.801648263680364437e+01
-9.288299575682724907e+00 1.969785031829169863e+00 3.070976601008694828e+01
-8.633879924653692584e+00 2.132168202466844686e+00 3.340304938337025220e+01
-8.539215511493647881e+00 1.751227551297666274e+00 3.609633275665355967e+01
-8.747505839289718921e+00 1.764126309619146848e+00 3.878961612993686714e+01
-9.117120415505127085e+00 1.837020832408130078e+00 4.148289950322016750e+01
-9.245423701828464402e+00 1.918691761119032613e+00 4.417618287650347497e+01
-9.051869912309905786e+00 1.907826491757319332e+00 4.686946624978678244e+01
-8.553847916792726380e+00 2.140734284630861683e+00 4.956274962307008281e+01
-8.184364653811876167e+00 1.461943895372981972e+00 5.225603299635339027e+01
-7.937680193885925384e+00 1.910700092423754715e+00 5.494931636963669774e+01
-5.271397196821996367e+00 -1.183511288941132999e+00 1.083648903970590105e+00
-7.341673933794640838e+00 -1.747048633811516538e+00 3.776932277253895354e+00
-8.944999018381743383e+00 -1.654453253081453523e+00 6.470215650537200602e+00
-9.906480991453992857e+00 -2.197070623207522111e+00 9.163499023820506295e+00
-1.036600826679645060e+01 -2.008310908766241631e+00 1.185678239710381021e+01
-1.040098305308409010e+01 -2.175604728660627263e+00 1.455006577038711768e+01
-1.038726870620534370e+01 -2.187991387603868798e+00 1.724334914367042160e+01
-1.040182627319294895e+01 -2.290990983185630991e+00 1.993663251695372907e+01
-1.049770860385432769e+01 -2.011087213428144338e+00 2.262991589023703298e+01
-1.069753017210204327e+01 -2.489707851008411410e+00 2.532319926352033690e+01
-1.024505086895192463e+01 -2.438730955616975837e+00 2.801648263680364437e+01
-9.803521649417820782e+00 -2.376148334960247688e+00 3.070976601008694828e+01
-9.358711555004862959e+00 -2.101297478645727690e+00 3.340304938337025220e+01
-9.075979495833655264e+00 -2.043099298520217211e+00 3.609633275665355967e+01
-9.185042466391180938e+00 -2.056015040456260046e+00 3.878961612993686714e+01
-9.423754145627986745e+00 -1.897660349946451941e+00 4.148289950322016750e+01
-9.552452975309577710e+00 -2.163761012818004925e+00 4.417618287650347497e+01
-9.547148998254241903e+00 -2.012574098857479843e+00 4.686946624978678244e+01
-9.373022837955042874e+00 -1.968070432874646114e+00 4.956274962307008281e+01
-8.957065971838398255e+00 -1.988021071134031814e+00 5.225603299635339027e+01
-8.825705425756703804e+00 -1.947289569208252802e+00 5.494931636963669774e+01
