-5.291584294912928144e+00 -1.786776544416997625e+00 1.083648903970590105e+00
-7.852740787932106947e+00 -2.300493643795640697e+00 4.674693401681663474e+00
-9.418330830736357129e+00 -2.914099594220639577e+00 8.265737899392737731e+00
-1.007993037912462952e+01 -3.104345703261200295e+00 1.185678239710381021e+01
-1.028618776960328063e+01 -2.931524144712712054e+00 1.544782689481488447e+01
-1.039925606049396123e+01 -3.517511438248825062e+00 1.903887139252595873e+01
-1.065098419890722958e+01 -3.602142728611858136e+00 2.262991589023703298e+01
-1.046717029141450084e+01 -3.531635772502235149e+00 2.622096038794810724e+01
-9.810459678506180836e+00 -3.669432690832632016e+00 2.981200488565918150e+01
-9.331360824452406888e+00 -3.366755039595100030e+00 3.340304938337025220e+01
-9.117037710231024050e+00 -3.208382826674384347e+00 3.699409388108132646e+01
-9.302240108649890260e+00 -2.764757371875242953e+00 4.058513837879240072e+01
-9.422556819637168957e+00 -2.908728091731685783e+00 4.417618287650347497e+01
-9.328907647288213312e+00 -3.420793079483734900e+00 4.776722737421454923e+01
-8.996705515029795208e+00 -3.245080340330473767e+00 5.135827187192562349e+01
-8.842275205505885083e+00 -3.570434179250060236e+00 5.494931636963669774e+01
-3.782035114121002906e+00 -5.216277253012598258e+00 1.083648903970590105e+00
-4.836434422965483648e+00 -6.436671929704546713e+00 4.674693401681663474e+00
-5.582496662818052791e+00 -7.872731673592207713e+00 8.265737899392737731e+00
-6.426585993507998751e+00 -8.526465721723194946e+00 1.185678239710381021e+01
-6.955822914445895400e+00 -9.098271354544397838e+00 1.544782689481488447e+01
-7.107834817146886586e+00 -1.011886136798707625e+01 1.903887139252595873e+01
-8.119196194595211580e+00 -1.065457614190463786e+01 2.262991589023703298e+01
-7.969576768600519223e+00 -1.146300225653026672e+01 2.622096038794810724e+01
-7.975159912914294047e+00 -1.099595826695560774e+01 2.981200488565918150e+01
-7.757651522478998807e+00 -1.074632513938833434e+01 3.340304938337025220e+01
-7.538186579874921911e+00 -1.008332734655730611e+01 3.699409388108132646e+01
-7.317851002245707726e+00 -9.640622368234664563e+00 4.058513837879240072e+01
-6.820867398537210136e+00 -9.801748593603798909e+00 4.417618287650347497e+01
-6.745866506035308241e+00 -9.840214892688074144e+00 4.776722737421454923e+01
-6.801316267521883674e+00 -9.330518577400283675e+00 5.135827187192562349e+01
-6.350063215029495112e+00 -9.612344689168013545e+00 5.494931636963669774e+01
5.000161434830592277e-01 -9.732891532062334150e+00 1.083648903970590105e+00
2.021718514500339403e-01 -1.123680248781378488e+01 4.674693401681663474e+00
1.979862342433790501e-01 -1.271848547580421673e+01 8.265737899392737731e+00
1.374578402224293505e+00 -1.437872472225653375e+01 1.185678239710381021e+01
1.008093946784918149e+00 -1.523896137491042957e+01 1.544782689481488447e+01
1.077712227196897965e+00 -1.573741085497131209e+01 1.903887139252595873e+01
1.408143805686730143e+00 -1.618052509151991458e+01 2.262991589023703298e+01
6.302595721522930017e-01 -1.585188610217253391e+01 2.622096038794810724e+01
6.740540043741470588e-02 -1.579491209316315370e+01 2.981200488565918150e+01
-2.288828652095020455e-01 -1.512312007179520101e+01 3.340304938337025220e+01
-2.840783479153747085e-02 -1.406552883438487278e+01 3.699409388108132646e+01
-6.432356207094317435e-01 -1.256558487356306131e+01 4.058513837879240072e+01
-2.068951207230023681e-01 -1.155958516635803512e+01 4.417618287650347497e+01
1.257633959920711197e-01 -1.115690582055615465e+01 4.776722737421454923e+01
-4.772894496934734776e-01 -1.057982231386807470e+01 5.135827187192562349e+01
-5.773677823550219523e-01 -1.045539039483126587e+01 5.494931636963669774e+01
1.196386050533332579e+01 -1.100201649531888570e+01 1.083648903970590105e+00
1.047635335930218048e+01 -1.207106557300714833e+01 4.674693401681663474e+00
1.083570379022922481e+01 -1.303395463993272507e+01 8.265737899392737731e+00
1.107207106866951030e+01 -1.378383034727538892e+01 1.185678239710381021e+01
1.104686410600107571e+01 -1.415185664740661231e+01 1.544782689481488447e+01
1.015861056838213372e+01 -1.432753205889152603e+01 1.903887139252595873e+01
9.192943556166897068e+00 -1.398351039930634165e+01 2.262991589023703298e+01
8.256586187221973461e+00 -1.301591745601848693e+01 2.622096038794810724e+01
7.566027056196396039e+00 -1.263907950335483577e+01 2.981200488565918150e+01
8.234844432392447899e+00 -1.151466854927445738e+01 3.340304938337025220e+01
8.301939409133920478e+00 -1.105378065799660803e+01 3.699409388108132646e+01
6.765134919888304843e+00 -8.970344543886445976e+00 4.058513837879240072e+01
5.149858426457454286e+00 -7.496077237467694054e+00 4.417618287650347497e+01
4.639470731196333908e+00 -6.773760601560296912e+00 4.776722737421454923e+01
4.829576884345180510e+00 -7.183037221446878284e+00 5.135827187192562349e+01
4.925546502539406291e+00 -7.252004572198711863e+00 5.494931636963669774e+01
1.577438637421915679e+01 -6.427142159815518951e+00 1.083648903970590105e+00
1.693043160294318383e+01 -7.774412586772880829e+00 4.674693401681663474e+00
1.749558679652930593e+01 -9.018305137914349956e+00 8.265737899392737731e+00
1.686689066224135303e+01 -8.670105762461467691e+00 1.185678239710381021e+01
1.664582660057958208e+01 -8.487091031696509802e+00 1.544782689481488447e+01
1.543393013309961681e+01 -7.388988646619040424e+00 1.903887139252595873e+01
1.390749728511060646e+01 -6.101112614946137214e+00 2.262991589023703298e+01
1.253594963503130799e+01 -5.063562906169969402e+00 2.622096038794810724e+01
1.197523860019761699e+01 -5.346025372377336105e+00 2.981200488565918150e+01
9.943880287505701077e+00 -3.628452977153227899e+00 3.340304938337025220e+01
8.398427486019896193e+00 -3.551175304363472396e+00 3.699409388108132646e+01
6.214147797651680349e+00 -2.530864379037871537e+00 4.058513837879240072e+01
4.896660963818489698e+00 -2.627312081789411558e+00 4.417618287650347497e+01
4.685318072411912560e+00 -1.590666712222212231e+00 4.776722737421454923e+01
6.395305042633793846e+00 -2.367322664066165316e+00 5.135827187192562349e+01
6.836264128236675397e+00 -2.038999290428185507e+00 5.494931636963669774e+01
8.919386566865345145e+00 2.634063163930908669e+00 1.083648903970590105e+00
8.423799307946246984e+00 2.558643042349507457e+00 4.674693401681663474e+00
8.131337861128709932e+00 2.123148021649129191e+00 8.265737899392737731e+00
7.882850239727480002e+00 2.266940556295648168e+00 1.185678239710381021e+01
8.396023853208001597e+00 2.072527038792217446e+00 1.544782689481488447e+01
8.519514776517421950e+00 2.344875080621911856e+00 1.903887139252595873e+01
8.455977429020309799e+00 2.660379245112856950e+00 2.262991589023703298e+01
8.265325026651705542e+00 2.398467219604975664e+00 2.622096038794810724e+01
7.654857783973815444e+00 2.351554996412506870e+00 2.981200488565918150e+01
6.958541028129203276e+00 1.925884556907049294e+00 3.340304938337025220e+01
5.606125627234554543e+00 2.241891750219707102e+00 3.699409388108132646e+01
4.606577072451352173e+00 1.655046052544668411e+00 4.058513837879240072e+01
3.975559512293550313e+00 1.008950932208550810e+00 4.417618287650347497e+01
4.522106135700747487e+00 1.846272886945636627e+00 4.776722737421454923e+01
6.501254427999699992e+00 2.624166337043952080e+00 5.135827187192562349e+01
7.017965710630493348e+00 2.692517445767731221e+00 5.494931636963669774e+01
4.167527618784787613e+00 7.042963659992684811e+00 1.083648903970590105e+00
4.265306755965833752e+00 6.584134848257980011e+00 4.674693401681663474e+00
4.498615235030213988e+00 6.014546715585820102e+00 8.265737899392737731e+00
4.453382849612135708e+00 6.383893624827468471e+00 1.185678239710381021e+01
4.719076225871663866e+00 6.756510879923178337e+00 1.544782689481488447e+01
4.988637166770491405e+00 7.206009315572241114e+00 1.903887139252595873e+01
5.082727968527428253e+00 7.766657073600183203e+00 2.262991589023703298e+01
5.136181908557539089e+00 7.876520657958585581e+00 2.622096038794810724e+01
4.951156031387302647e+00 7.878449583567968872e+00 2.981200488565918150e+01
4.635662102086924641e+00 8.007113465319244838e+00 3.340304938337025220e+01
4.259309266302913954e+00 8.002082582216473838e+00 3.699409388108132646e+01
4.007432752791466157e+00 7.274785975118312820e+00 4.058513837879240072e+01
3.819250246636608725e+00 7.372652945056704432e+00 4.417618287650347497e+01
4.359316716876475262e+00 7.604073551363668138e+00 4.776722737421454923e+01
5.593998639324621713e+00 8.249553588718784525e+00 5.135827187192562349e+01
5.985466203282208575e+00 8.333008199398934224e+00 5.494931636963669774e+01
-2.327794619688189126e+00 1.278693463328397506e+01 1.083648903970590105e+00
-2.051118685182023782e+00 1.336060140548265274e+01 4.674693401681663474e+00
-2.159986604597026627e+00 1.400373155683668891e+01 8.265737899392737731e+00
-1.590891924456425688e+00 1.381252598004216914e+01 1.185678239710381021e+01
-1.731803311350723851e+00 1.475274465521795619e+01 1.544782689481488447e+01
-1.660880058046471763e+00 1.593340757488440573e+01 1.903887139252595873e+01
-1.483525644466529014e+00 1.733467859110309561e+01 2.262991589023703298e+01
-1.378855555347643147e+00 1.809284412806676912e+01 2.622096038794810724e+01
-8.390763069825920573e-01 1.799296645177829035e+01 2.981200488565918150e+01
-7.353138759629495036e-01 1.805187455280760389e+01 3.340304938337025220e+01
-3.618396012065916989e-01 1.705172792295237372e+01 3.699409388108132646e+01
1.494782384189221290e-02 1.596297019442337550e+01 4.058513837879240072e+01
4.816549891502138747e-01 1.455853823917896861e+01 4.417618287650347497e+01
2.293175476904974475e-01 1.285729961495564666e+01 4.776722737421454923e+01
2.895684428586225989e-02 1.124594222285321088e+01 5.135827187192562349e+01
-2.634446947521262763e-03 1.081272897952002054e+01 5.494931636963669774e+01
-8.407312856078920760e+00 1.339700240181172575e+01 1.083648903970590105e+00
-1.078422685445049467e+01 1.663351862363494504e+01 4.674693401681663474e+00
-1.150081078425745673e+01 1.749373811274487167e+01 8.265737899392737731e+00
-1.092891080343682297e+01 1.670464863427237034e+01 1.185678239710381021e+01
-8.614722947431799227e+00 1.417011595775964317e+01 1.544782689481488447e+01
-7.415960295157800530e+00 1.357976603715196262e+01 1.903887139252595873e+01
-8.605487529822678283e+00 1.510010913557862011e+01 2.262991589023703298e+01
-9.331883945318192985e+00 1.532768494572036566e+01 2.622096038794810724e+01
-8.047952629146717385e+00 1.431191371064693918e+01 2.981200488565918150e+01
-7.067117465784169106e+00 1.191790877464528542e+01 3.340304938337025220e+01
-6.484635013889127997e+00 1.163249965331480595e+01 3.699409388108132646e+01
-6.425199480991708789e+00 1.056818271128424236e+01 4.058513837879240072e+01
-6.166450543183692901e+00 9.879560192772132154e+00 4.417618287650347497e+01
-5.754470607843237495e+00 8.592946449828447797e+00 4.776722737421454923e+01
-4.885490270605704843e+00 7.819975404748262804e+00 5.135827187192562349e+01
-4.825694787264303898e+00 7.445166100064022352e+00 5.494931636963669774e+01
-7.031407973898082808e+00 2.856644548993855448e+00 1.083648903970590105e+00
-9.993126421753949273e+00 4.264423886633957217e+00 4.674693401681663474e+00
-1.140398702163765066e+01 4.520865641738099683e+00 8.265737899392737731e+00
-1.002345101047307629e+01 3.737201281222995330e+00 1.185678239710381021e+01
-8.324563921655766308e+00 2.695888688641297826e+00 1.544782689481488447e+01
-7.961223241459528310e+00 2.722847549756211905e+00 1.903887139252595873e+01
-9.059146738950090594e+00 3.010332131460607297e+00 2.262991589023703298e+01
-1.003107876502188311e+01 3.557808856002381059e+00 2.622096038794810724e+01
-9.269848252100635122e+00 3.375334977599840247e+00 2.981200488565918150e+01
-8.421078042787261353e+00 2.854709300703165198e+00 3.340304938337025220e+01
-8.344511083504231763e+00 2.918799256337064385e+00 3.699409388108132646e+01
-8.790509845852339410e+00 2.718298492724725346e+00 4.058513837879240072e+01
-8.865173545911464004e+00 3.024599499046874307e+00 4.417618287650347497e+01
-8.572945683791765248e+00 2.729918373842377122e+00 4.776722737421454923e+01
-7.758932364474511623e+00 2.805018497754737883e+00 5.135827187192562349e+01
-7.638037213092403022e+00 2.499055621488853074e+00 5.494931636963669774e+01
-5.291584294912928144e+00 -1.786776544416997625e+00 1.083648903970590105e+00
-7.852740787932106947e+00 -2.300493643795640697e+00 4.674693401681663474e+00
-9.418330830736357129e+00 -2.914099594220639577e+00 8.265737899392737731e+00
-1.007993037912462952e+01 -3.104345703261200295e+00 1.185678239710381021e+01
-1.028618776960328063e+01 -2.931524144712712054e+00 1.544782689481488447e+01
-1.039925606049396123e+01 -3.517511438248825062e+00 1.903887139252595873e+01
-1.065098419890722958e+01 -3.602142728611858136e+00 2.262991589023703298e+01
-1.046717029141450084e+01 -3.531635772502235149e+00 2.622096038794810724e+01
-9.810459678506180836e+00 -3.669432690832632016e+00 2.981200488565918150e+01
-9.331360824452406888e+00 -3.366755039595100030e+00 3.340304938337025220e+01
-9.117037710231024050e+00 -3.208382826674384347e+00 3.699409388108132646e+01
-9.302240108649890260e+00 -2.764757371875242953e+00 4.058513837879240072e+01
-9.422556819637168957e+00 -2.908728091731685783e+00 4.417618287650347497e+01
-9.328907647288213312e+00 -3.420793079483734900e+00 4.776722737421454923e+01
-8.996705515029795208e+00 -3.245080340330473767e+00 5.135827187192562349e+01
-8.842275205505885083e+00 -3.570434179250060236e+00 5.494931636963669774e+01
