-4.561821906902750356e+00 -3.505638839343714341e-01 1.018669039634040097e+00
-8.115700095985930673e+00 -6.782206959278669345e-01 4.442158973173643943e+00
-1.031740796237770041e+01 -2.106939245979706429e-02 7.865648906713246902e+00
-1.131690492184059948e+01 -6.807086797751363827e-01 1.128913884025284986e+01
-1.086960019789250076e+01 -8.688841187964869983e-02 1.471262877379245282e+01
-1.020875977535560075e+01 -4.264400241720368162e-02 1.813611870733205933e+01
-1.065790177135949968e+01 -4.146219359050477005e-01 2.155960864087166229e+01
-1.130361548958280160e+01 -1.690337222053658606e-01 2.498309857441126525e+01
-1.006526509505800071e+01 -4.459599798331884690e-01 2.840658850795086821e+01
-9.421651083677000216e+00 -7.706411608776548849e-01 3.183007844149047116e+01
-9.144024217424080447e+00 -1.245685828892217628e-01 3.525356837503007768e+01
-9.243933595708210049e+00 -2.991326950200601797e-01 3.867705830856967708e+01
-9.715161251813109189e+00 -5.680918142005636495e-01 4.210054824210928359e+01
-1.045665954070959991e+01 -1.217776052054434233e-01 4.552403817564888300e+01
-1.085317931442449968e+01 -1.287897161271272517e-01 4.894752810918848951e+01
-1.105683761781740060e+01 -5.670291878568444188e-01 5.237101804272808891e+01
-1.054014827970249790e+01 -1.372206074409550780e+00 5.579450797626769543e+01
-1.054014827970249790e+01 -1.416486361308360697e+00 5.921799790980730194e+01
-4.039520211676109973e+00 -1.991351146715230946e+00 1.018669039634040097e+00
-6.406707771497528903e+00 -3.193183795855220719e+00 4.442158973173643943e+00
-8.305342047631299351e+00 -4.261861540266878912e+00 7.865648906713246902e+00
-8.557133570823362234e+00 -4.731392799142547290e+00 1.128913884025284986e+01
-9.890063794317180523e+00 -5.040019277353608551e+00 1.471262877379245282e+01
-1.083791986151939923e+01 -5.067013023643691660e+00 1.813611870733205933e+01
-1.142857896739520029e+01 -5.176837721256029923e+00 2.155960864087166229e+01
-1.069149594162269956e+01 -4.755354093526521275e+00 2.498309857441126525e+01
-8.936580739701250664e+00 -4.089422495499341892e+00 2.840658850795086821e+01
-8.575964039204141187e+00 -3.770727829084319360e+00 3.183007844149047116e+01
-8.292400604734670111e+00 -4.043289545790400119e+00 3.525356837503007768e+01
-8.049877019399268363e+00 -4.079223464117509579e+00 3.867705830856967708e+01
-8.591351687019830763e+00 -4.021756472845479102e+00 4.210054824210928359e+01
-9.429392062593050738e+00 -4.330725955122130877e+00 4.552403817564888300e+01
-9.665321368618199571e+00 -4.422404171701408870e+00 4.894752810918848951e+01
-1.012012288867240173e+01 -5.253536349588701526e+00 5.237101804272808891e+01
-9.786651870788197982e+00 -4.245399477895070106e+00 5.579450797626769543e+01
-9.786651870788197982e+00 -4.319387817051159040e+00 5.921799790980730194e+01
-3.286411889045839363e+00 -4.635380886566389691e+00 1.018669039634040097e+00
-4.095735880460980027e+00 -6.001329765291941065e+00 4.442158973173643943e+00
-4.752786931809438897e+00 -6.887095863201428969e+00 7.865648906713246902e+00
-6.319585617964620816e+00 -8.863221596550111769e+00 1.128913884025284986e+01
-7.466338320519500193e+00 -9.869372900129400605e+00 1.471262877379245282e+01
-6.658339479834328500e+00 -1.010417679834400140e+01 1.813611870733205933e+01
-7.039830566299462689e+00 -1.026603009294359836e+01 2.155960864087166229e+01
-6.880845009437378756e+00 -9.621299292079042331e+00 2.498309857441126525e+01
-6.891139459842061221e+00 -9.047163766015861697e+00 2.840658850795086821e+01
-6.202220605829561251e+00 -7.911660910095051236e+00 3.183007844149047116e+01
-5.827500785298749264e+00 -7.503942626433120822e+00 3.525356837503007768e+01
-6.228353007076038672e+00 -7.539186003270248015e+00 3.867705830856967708e+01
-6.229045660104728377e+00 -7.717834102883259995e+00 4.210054824210928359e+01
-6.417975106474020031e+00 -8.484824437366658145e+00 4.552403817564888300e+01
-7.321470529966138230e+00 -8.949584911606500270e+00 4.894752810918848951e+01
-7.480092247915552939e+00 -9.344869076030040134e+00 5.237101804272808891e+01
-7.244058208260000242e+00 -9.963323021060128681e+00 5.579450797626769543e+01
-7.891349603041772909e+00 -9.986145717887202622e+00 5.921799790980730194e+01
-9.466875886130625695e-01 -5.535512271408729923e+00 1.018669039634040097e+00
-1.359193844431839215e+00 -8.412301039162850103e+00 4.442158973173643943e+00
-1.742107229175221095e+00 -1.007250028485199778e+01 7.865648906713246902e+00
-1.849392371255589085e+00 -1.132023912700080004e+01 1.128913884025284986e+01
-1.781818441064330960e+00 -1.250379322471819954e+01 1.471262877379245282e+01
-2.206189135063090667e+00 -1.369369033187070173e+01 1.813611870733205933e+01
-1.664160485135530276e+00 -1.412849091137990065e+01 2.155960864087166229e+01
-1.783145188531761072e+00 -1.417620421766859984e+01 2.498309857441126525e+01
-1.750226438664438167e+00 -1.288675371340040243e+01 2.840658850795086821e+01
-1.809271076119648658e+00 -1.187632486885640226e+01 3.183007844149047116e+01
-1.659728295961688804e+00 -1.155257764733010006e+01 3.525356837503007768e+01
-2.233475890884050408e+00 -1.145232466741260069e+01 3.867705830856967708e+01
-1.713093909843888429e+00 -1.230591607757940054e+01 4.210054824210928359e+01
-1.711507283180451200e+00 -1.301066162803450155e+01 4.552403817564888300e+01
-1.649869862579730784e+00 -1.340306858825229952e+01 4.894752810918848951e+01
-1.734444121114510962e+00 -1.114526161955440031e+01 5.237101804272808891e+01
-1.314494668501369201e+00 -1.013781287293340050e+01 5.579450797626769543e+01
-1.665172144750630912e+00 -1.045729786633119929e+01 5.921799790980730194e+01
3.960822443253120717e+00 -8.321964141981689878e+00 1.018669039634040097e+00
4.269560491968779736e+00 -1.101976127330230071e+01 4.442158973173643943e+00
3.749694678314609231e+00 -1.380529195551279997e+01 7.865648906713246902e+00
4.192799628308959470e+00 -1.508350373321400006e+01 1.128913884025284986e+01
4.524988672013529722e+00 -1.514055886525100014e+01 1.471262877379245282e+01
4.640223598079139755e+00 -1.550345628299129963e+01 1.813611870733205933e+01
4.602223490206609036e+00 -1.539307456407130026e+01 2.155960864087166229e+01
4.658142710357742189e+00 -1.486139298947500009e+01 2.498309857441126525e+01
4.028496421747638223e+00 -1.515466923080009920e+01 2.840658850795086821e+01
4.109961804204730562e+00 -1.482419221480659921e+01 3.183007844149047116e+01
4.433832210405399543e+00 -1.484598391828770048e+01 3.525356837503007768e+01
4.047617782855230217e+00 -1.445272416613119937e+01 3.867705830856967708e+01
3.803824224835001822e+00 -1.407147406282389923e+01 4.210054824210928359e+01
2.551053047425819287e+00 -1.431154329956799920e+01 4.552403817564888300e+01
3.385415684599639707e+00 -1.363460396232819960e+01 4.894752810918848951e+01
3.189566466011799495e+00 -1.172455691713030035e+01 5.237101804272808891e+01
2.911963986236939306e+00 -8.156494868288710620e+00 5.579450797626769543e+01
2.911963986236939306e+00 -8.156494868288710620e+00 5.921799790980730194e+01
8.987721636141401405e+00 -1.261135760139199924e+01 1.018669039634040097e+00
9.794519511391110100e+00 -1.299908351462400091e+01 4.442158973173643943e+00
9.439773270164121044e+00 -1.389559458048390361e+01 7.865648906713246902e+00
1.098948302979430025e+01 -1.434450702057400306e+01 1.128913884025284986e+01
1.109911005542689999e+01 -1.426770922984309742e+01 1.471262877379245282e+01
1.103943344035499941e+01 -1.424438229959020141e+01 1.813611870733205933e+01
1.146225226865009894e+01 -1.432487959012869894e+01 2.155960864087166229e+01
1.083178062450549994e+01 -1.356564271327849980e+01 2.498309857441126525e+01
1.021643758333029872e+01 -1.271306473466479758e+01 2.840658850795086821e+01
9.597032293118729740e+00 -1.312242972565240251e+01 3.183007844149047116e+01
8.426767036507669673e+00 -1.285277073562020078e+01 3.525356837503007768e+01
9.453221623040402477e+00 -1.357753339291000039e+01 3.867705830856967708e+01
8.517261425013840537e+00 -1.221193558883699914e+01 4.210054824210928359e+01
7.556951638621231204e+00 -9.800364425066860008e+00 4.552403817564888300e+01
6.496820346948389613e+00 -8.716477248293260871e+00 4.894752810918848951e+01
5.912858576962978674e+00 -7.863659310483790854e+00 5.237101804272808891e+01
6.049396846280579609e+00 -6.824719606296919316e+00 5.579450797626769543e+01
4.654490054779929054e+00 -6.852505723814619643e+00 5.921799790980730194e+01
1.672093547395909852e+01 -1.183181341699309996e+01 1.018669039634040097e+00
1.969231354627819996e+01 -1.107246348634899924e+01 4.442158973173643943e+00
2.064353433932550530e+01 -1.221826282245929995e+01 7.865648906713246902e+00
1.998826628005580375e+01 -1.228354682305980106e+01 1.128913884025284986e+01
2.131892248547849888e+01 -1.291202888368050061e+01 1.471262877379245282e+01
2.122622611109790114e+01 -1.304966081057309957e+01 1.813611870733205933e+01
1.985343182171870069e+01 -1.270888428775890233e+01 2.155960864087166229e+01
1.942761676165530105e+01 -1.210729390162450159e+01 2.498309857441126525e+01
1.674314959505790057e+01 -9.499754325375612041e+00 2.840658850795086821e+01
1.208979997391830175e+01 -1.103266216458160009e+01 3.183007844149047116e+01
1.561090906173070003e+01 -9.054648387184398572e+00 3.525356837503007768e+01
1.366831337868680052e+01 -8.638689279194689874e+00 3.867705830856967708e+01
1.158123699260979933e+01 -5.412312297955479856e+00 4.210054824210928359e+01
8.652213764142569374e+00 -4.077107400347131261e+00 4.552403817564888300e+01
6.450248188332279753e+00 -3.487506796658319530e+00 4.894752810918848951e+01
6.198260491940749795e+00 -3.672150613647730655e+00 5.237101804272808891e+01
7.779907681353889437e+00 -4.301418688459740736e+00 5.579450797626769543e+01
7.779907681353889437e+00 -4.301418688459740736e+00 5.921799790980730194e+01
2.417543752032570481e+01 -3.288543011772169677e+00 1.018669039634040097e+00
2.492245133307050153e+01 -2.863339996012550071e+00 4.442158973173643943e+00
2.509951727403739952e+01 -3.258543729015769941e+00 7.865648906713246902e+00
2.573670505819989884e+01 -3.221095248380359877e+00 1.128913884025284986e+01
2.442814516278150094e+01 -3.015866476384230666e+00 1.471262877379245282e+01
2.338736125587999837e+01 -3.508260410976610455e+00 1.813611870733205933e+01
2.175591138744110253e+01 -3.237841733375020237e+00 2.155960864087166229e+01
2.062402297138979890e+01 -3.880856718066819422e+00 2.498309857441126525e+01
1.714769638979899824e+01 -3.352592731972809936e+00 2.840658850795086821e+01
1.567635331755640138e+01 -2.511123619431590015e+00 3.183007844149047116e+01
1.465673470474099815e+01 -2.937647356135580257e+00 3.525356837503007768e+01
1.365084849360670027e+01 -2.253090680793340184e+00 3.867705830856967708e+01
1.162050945168119931e+01 -1.449053599453860031e+00 4.210054824210928359e+01
7.441218487794159842e+00 -1.107183130012000083e+00 4.552403817564888300e+01
4.776192949821759903e+00 -1.469230341874979695e+00 4.894752810918848951e+01
5.339656550443939942e+00 -1.096509407214069975e+00 5.237101804272808891e+01
7.690426485667200218e+00 -1.134649790126659896e+00 5.579450797626769543e+01
7.690426485667200218e+00 -1.728199431728800084e+00 5.921799790980730194e+01
1.443145263805530121e+01 1.868055775663900242e+00 1.018669039634040097e+00
1.462723675851339955e+01 1.855876744825290192e+00 4.442158973173643943e+00
1.464456130287249991e+01 1.498649094501899981e+00 7.865648906713246902e+00
1.441814204998440196e+01 1.609343900415570072e+00 1.128913884025284986e+01
1.394586813381969925e+01 1.723739224027390105e+00 1.471262877379245282e+01
1.465338431778240036e+01 1.809234846386059692e+00 1.813611870733205933e+01
1.427290972341349828e+01 1.804042572615929929e+00 2.155960864087166229e+01
1.433757731466999807e+01 1.552706656714959887e+00 2.498309857441126525e+01
1.352384811921259988e+01 1.136973858372039903e+00 2.840658850795086821e+01
1.222413292539509833e+01 1.813221193797390107e+00 3.183007844149047116e+01
1.153276470714389923e+01 1.689302009933260074e+00 3.525356837503007768e+01
9.659793953227429952e+00 1.265917608781109926e+00 3.867705830856967708e+01
7.624988304642579706e+00 1.188307577852540042e+00 4.210054824210928359e+01
5.671820431186179512e+00 2.258584951167099675e-01 4.552403817564888300e+01
3.640626300816890204e+00 4.587970588854080600e-01 4.894752810918848951e+01
4.501448263097340252e+00 2.830170141140640472e-01 5.237101804272808891e+01
7.323150136338130167e+00 7.855238567189301024e-01 5.579450797626769543e+01
7.323150136338130167e+00 7.855238567189301024e-01 5.921799790980730194e+01
9.375484455080009383e+00 4.052898297018599827e+00 1.018669039634040097e+00
9.790159205718390822e+00 4.466267881197760303e+00 4.442158973173643943e+00
9.444028404085429429e+00 4.218466203973209261e+00 7.865648906713246902e+00
9.224868410623599857e+00 4.117821610752679717e+00 1.128913884025284986e+01
9.531006123658119833e+00 4.174015460327839655e+00 1.471262877379245282e+01
9.468694390206850997e+00 4.405164903201720605e+00 1.813611870733205933e+01
1.015936972959590001e+01 4.427000188733781094e+00 2.155960864087166229e+01
1.021459539155019947e+01 3.943388418134550655e+00 2.498309857441126525e+01
1.019822005025909917e+01 4.562266741846809914e+00 2.840658850795086821e+01
9.284666449331627547e+00 4.321018909836939592e+00 3.183007844149047116e+01
8.773423869071960368e+00 4.078105111386550519e+00 3.525356837503007768e+01
7.784476842062600710e+00 3.649449412437069551e+00 3.867705830856967708e+01
5.822504209798260000e+00 2.674635560661680511e+00 4.210054824210928359e+01
4.394549136442459591e+00 1.507059960316059710e+00 4.552403817564888300e+01
3.236926207697110147e+00 1.672331907063899781e+00 4.894752810918848951e+01
4.290969815905869567e+00 1.660916431238529833e+00 5.237101804272808891e+01
6.542304015076109813e+00 3.689091833207930105e+00 5.579450797626769543e+01
6.542304015076109813e+00 3.689091833207930105e+00 5.921799790980730194e+01
7.045049098584328817e+00 5.694425423388179475e+00 1.018669039634040097e+00
6.867281068727580262e+00 5.611038482995439836e+00 4.442158973173643943e+00
6.842613209513510597e+00 5.467013028186910262e+00 7.865648906713246902e+00
5.858892704370928683e+00 5.301600084046249606e+00 1.128913884025284986e+01
6.738182305142069950e+00 6.293705582341530658e+00 1.471262877379245282e+01
6.842405783718939816e+00 6.577903218877271030e+00 1.813611870733205933e+01
7.572041328318079856e+00 7.019504329760709815e+00 2.155960864087166229e+01
8.213266648622060018e+00 7.588386097135780162e+00 2.498309857441126525e+01
8.137400961036339808e+00 7.855806752476400590e+00 2.840658850795086821e+01
7.695275320110058992e+00 7.591712597678779595e+00 3.183007844149047116e+01
7.192957997065639653e+00 6.959604854415260888e+00 3.525356837503007768e+01
6.425677977561250032e+00 5.966352137470459560e+00 3.867705830856967708e+01
5.156432410786269571e+00 5.457634532285159601e+00 4.210054824210928359e+01
3.821346556947850193e+00 4.102901867629849875e+00 4.552403817564888300e+01
2.905115546049430009e+00 2.562327937256939858e+00 4.894752810918848951e+01
3.913926711355989685e+00 4.462642768231879664e+00 5.237101804272808891e+01
5.666922330278760356e+00 6.507118205579839554e+00 5.579450797626769543e+01
5.666922330278760356e+00 6.507118205579839554e+00 5.921799790980730194e+01
4.605825433329459706e+00 7.605231431922719665e+00 1.018669039634040097e+00
4.588418882553050082e+00 7.787674261915420004e+00 4.442158973173643943e+00
4.694417261505170913e+00 7.751516605201659083e+00 7.865648906713246902e+00
4.685006148677699933e+00 8.381588236538490833e+00 1.128913884025284986e+01
4.562100288676740334e+00 9.047651539420440869e+00 1.471262877379245282e+01
5.099474130357890544e+00 9.210618792779030173e+00 1.813611870733205933e+01
5.171340702476911133e+00 9.599108741046519455e+00 2.155960864087166229e+01
5.717115508697800941e+00 1.029981530165120063e+01 2.498309857441126525e+01
5.346814656256549725e+00 1.115970408169389927e+01 2.840658850795086821e+01
5.955125987366520768e+00 1.129813753474210003e+01 3.183007844149047116e+01
5.341440737862689581e+00 1.064341108409830028e+01 3.525356837503007768e+01
4.636484367731350531e+00 1.011522675123180015e+01 3.867705830856967708e+01
3.797091671086010312e+00 8.922960860053150256e+00 4.210054824210928359e+01
2.800142970169289480e+00 7.109516328995090007e+00 4.552403817564888300e+01
2.671694140219869507e+00 5.976784267030310183e+00 4.894752810918848951e+01
3.132165369421790135e+00 7.464375428392888701e+00 5.237101804272808891e+01
4.409262054511589923e+00 9.575723347050249856e+00 5.579450797626769543e+01
4.409262054511589923e+00 9.575723347050249856e+00 5.921799790980730194e+01
1.820272139130130196e+00 1.084207328113100033e+01 1.018669039634040097e+00
1.961794948911809611e+00 1.123285599621510045e+01 4.442158973173643943e+00
2.169659959728990284e+00 1.166788980683820043e+01 7.865648906713246902e+00
1.707930749834259299e+00 1.228517371198599939e+01 1.128913884025284986e+01
2.192322965196180196e+00 1.293888103750949803e+01 1.471262877379245282e+01
2.593557547510119132e+00 1.387058011431989968e+01 1.813611870733205933e+01
2.810702876086798696e+00 1.513649893251090006e+01 2.155960864087166229e+01
3.149638523998819828e+00 1.726986603193919834e+01 2.498309857441126525e+01
2.916779768448931165e+00 1.876518704409049931e+01 2.840658850795086821e+01
3.027920237718038976e+00 1.879861132580960259e+01 3.183007844149047116e+01
2.939567426289368957e+00 1.833910073962440279e+01 3.525356837503007768e+01
2.428248210273489693e+00 1.863781118733929532e+01 3.867705830856967708e+01
2.466021368194019292e+00 1.811089105758669859e+01 4.210054824210928359e+01
1.987295052336459644e+00 1.746769817498629962e+01 4.552403817564888300e+01
1.873757133518840767e+00 1.595034694880160053e+01 4.894752810918848951e+01
2.063292749967689854e+00 1.373407563028760059e+01 5.237101804272808891e+01
2.175803507407270576e+00 1.240123614125260154e+01 5.579450797626769543e+01
1.973490505274709150e+00 1.168961513080449954e+01 5.921799790980730194e+01
-1.926069138884439091e+00 1.712413255312809923e+01 1.018669039634040097e+00
-1.798562517899211288e+00 1.995515514321859740e+01 4.442158973173643943e+00
-1.753886644285530538e+00 2.123485488102970109e+01 7.865648906713246902e+00
-1.235208611107239118e+00 2.179788416773569537e+01 1.128913884025284986e+01
-1.548785032338950929e+00 2.157766460184449997e+01 1.471262877379245282e+01
-1.506562249865721625e+00 2.090901439263970474e+01 1.813611870733205933e+01
-1.399249369367020046e+00 2.181978087145580147e+01 2.155960864087166229e+01
-1.577903494038541243e+00 2.403213216849919931e+01 2.498309857441126525e+01
-2.026899221683708507e+00 2.450128938505979903e+01 2.840658850795086821e+01
-1.896709124850468831e+00 2.440866548937870206e+01 3.183007844149047116e+01
-1.799753033595948404e+00 2.409377576729810144e+01 3.525356837503007768e+01
-2.044958122518237609e+00 2.386329458944829796e+01 3.867705830856967708e+01
-1.832769899564479221e+00 2.299050154001130153e+01 4.210054824210928359e+01
-1.720122224582130377e+00 2.154081585878349969e+01 4.552403817564888300e+01
-1.787304735294150460e+00 1.891831709774639947e+01 4.894752810918848951e+01
-1.353076833504039733e+00 1.534376195160199963e+01 5.237101804272808891e+01
-1.090673719885530080e+00 1.276837061237259974e+01 5.579450797626769543e+01
-1.090673719885530080e+00 1.176446546025890072e+01 5.921799790980730194e+01
-6.290190904120020576e+00 1.679810870308699577e+01 1.018669039634040097e+00
-9.324483312143950542e+00 2.044824898464899832e+01 4.442158973173643943e+00
-1.210610949501949740e+01 2.165347296427009738e+01 7.865648906713246902e+00
-1.130477178072629840e+01 2.233107420640680374e+01 1.128913884025284986e+01
-1.107555889009450034e+01 2.239223793506279847e+01 1.471262877379245282e+01
-8.689811714747959215e+00 2.131021500387669931e+01 1.813611870733205933e+01
-8.424893455996949498e+00 2.030390327792720484e+01 2.155960864087166229e+01
-9.293951544619131866e+00 2.219992388971260056e+01 2.498309857441126525e+01
-9.999836743990515586e+00 2.198341353026529887e+01 2.840658850795086821e+01
-9.757297560895882071e+00 2.085237936173979989e+01 3.183007844149047116e+01
-9.733988709971349351e+00 2.067412315719889548e+01 3.525356837503007768e+01
-9.878370514425052207e+00 1.986029917921710108e+01 3.867705830856967708e+01
-9.599344193271846848e+00 1.925643485308030023e+01 4.210054824210928359e+01
-8.801605356191272378e+00 1.762355596058550233e+01 4.552403817564888300e+01
-7.341504045873501916e+00 1.602400530617169849e+01 4.894752810918848951e+01
-6.647980812893129254e+00 1.386601284730429917e+01 5.237101804272808891e+01
-5.500623175386122554e+00 1.135218011476799838e+01 5.579450797626769543e+01
-5.500623175386122554e+00 1.057912075279070052e+01 5.921799790980730194e+01
-5.959166740942110074e+00 8.993828054487378765e+00 1.018669039634040097e+00
-9.837359670703509806e+00 1.143689812389639826e+01 4.442158973173643943e+00
-1.316385561562809947e+01 1.356949189241900200e+01 7.865648906713246902e+00
-1.258542085178719994e+01 1.301063907193009861e+01 1.128913884025284986e+01
-9.755672170683389766e+00 1.208327821852710038e+01 1.471262877379245282e+01
-8.503896737316379628e+00 9.156323308496942204e+00 1.813611870733205933e+01
-8.318799000160218782e+00 7.758615104269378726e+00 2.155960864087166229e+01
-9.137226145684801182e+00 8.800906221366499693e+00 2.498309857441126525e+01
-1.006517123380499790e+01 9.077259624632198154e+00 2.840658850795086821e+01
-9.813288014386140290e+00 9.059564771923389159e+00 3.183007844149047116e+01
-9.669556569216020137e+00 8.430786525083780347e+00 3.525356837503007768e+01
-9.735627846794459472e+00 8.905340238404482633e+00 3.867705830856967708e+01
-1.019907892376809855e+01 9.361891416710969693e+00 4.210054824210928359e+01
-1.043729937625509940e+01 9.187572275455579529e+00 4.552403817564888300e+01
-1.010439154995559896e+01 9.153604768766760102e+00 4.894752810918848951e+01
-9.445961859041251074e+00 7.824415791245328933e+00 5.237101804272808891e+01
-8.235515242828029159e+00 6.884064164604411395e+00 5.579450797626769543e+01
-8.235515242828029159e+00 6.734947294436191001e+00 5.921799790980730194e+01
-5.718077924712320126e+00 3.319849885052150729e+00 1.018669039634040097e+00
-8.683655309887079454e+00 3.406219543293838470e+00 4.442158973173643943e+00
-1.124666734533679957e+01 4.728528814913029343e+00 7.865648906713246902e+00
-1.182402632120290065e+01 4.995379978904963103e+00 1.128913884025284986e+01
-1.004266678909670141e+01 4.514248471148020414e+00 1.471262877379245282e+01
-8.689560354917141183e+00 3.320635961124238200e+00 1.813611870733205933e+01
-9.071696602483580563e+00 3.622265113399500525e+00 2.155960864087166229e+01
-9.999258508657289823e+00 3.559974772869901827e+00 2.498309857441126525e+01
-1.029574194616599847e+01 3.952727007252072156e+00 2.840658850795086821e+01
-9.800983275227389768e+00 3.770689874948310649e+00 3.183007844149047116e+01
-9.602428428052430576e+00 3.636390994512139763e+00 3.525356837503007768e+01
-9.674719613178018207e+00 3.775451035891220108e+00 3.867705830856967708e+01
-1.019540622843079980e+01 4.124729176435622868e+00 4.210054824210928359e+01
-1.081048636428550047e+01 4.035513246097350404e+00 4.552403817564888300e+01
-1.083698043235110120e+01 4.114740775463830325e+00 4.894752810918848951e+01
-1.054570696798909957e+01 3.695755937123958557e+00 5.237101804272808891e+01
-9.930428345244221688e+00 2.876329872090539475e+00 5.579450797626769543e+01
-9.930428345244221688e+00 2.782702995776569654e+00 5.921799790980730194e+01
-4.561821906902750356e+00 -3.505638839343714341e-01 1.018669039634040097e+00
-8.115700095985930673e+00 -6.782206959278669345e-01 4.442158973173643943e+00
-1.031740796237770041e+01 -2.106939245979706429e-02 7.865648906713246902e+00
-1.131690492184059948e+01 -6.807086797751363827e-01 1.128913884025284986e+01
-1.086960019789250076e+01 -8.688841187964869983e-02 1.471262877379245282e+01
-1.020875977535560075e+01 -4.264400241720368162e-02 1.813611870733205933e+01
-1.065790177135949968e+01 -4.146219359050477005e-01 2.155960864087166229e+01
-1.130361548958280160e+01 -1.690337222053658606e-01 2.498309857441126525e+01
-1.006526509505800071e+01 -4.459599798331884690e-01 2.840658850795086821e+01
-9.421651083677000216e+00 -7.706411608776548849e-01 3.183007844149047116e+01
-9.144024217424080447e+00 -1.245685828892217628e-01 3.525356837503007768e+01
-9.243933595708210049e+00 -2.991326950200601797e-01 3.867705830856967708e+01
-9.715161251813109189e+00 -5.680918142005636495e-01 4.210054824210928359e+01
-1.045665954070959991e+01 -1.217776052054434233e-01 4.552403817564888300e+01
-1.085317931442449968e+01 -1.287897161271272517e-01 4.894752810918848951e+01
-1.105683761781740060e+01 -5.670291878568444188e-01 5.237101804272808891e+01
-1.054014827970249790e+01 -1.372206074409550780e+00 5.579450797626769543e+01
-1.054014827970249790e+01 -1.416486361308360697e+00 5.921799790980730194e+01
