-5.998935969427323656e+00 -1.724792714095221946e+00 1.018669039634040097e+00
-8.588443731706325579e+00 -3.046240518894253846e+00 4.898624297645590708e+00
-1.060898684407673187e+01 -3.686864331672845552e+00 8.778579555657142208e+00
-1.165247846974231649e+01 -3.695956765326698701e+00 1.265853481366869104e+01
-1.173120817576326225e+01 -3.760894029179498776e+00 1.653849007168024343e+01
-1.193036831490208272e+01 -4.213025948684122390e+00 2.041844532969179227e+01
-1.193771291909161292e+01 -4.246575817524489871e+00 2.429840058770334466e+01
-1.052904673916391332e+01 -3.658805257101986452e+00 2.817835584571489704e+01
-9.497167191721397117e+00 -2.996103424303496077e+00 3.205831110372644588e+01
-9.095769287084863208e+00 -3.273828504454059374e+00 3.593826636173799471e+01
-9.543878814104148844e+00 -3.001498017933514006e+00 3.981822161974954355e+01
-1.027586907129053273e+01 -3.366729707665341742e+00 4.369817687776109949e+01
-1.083850962762016046e+01 -3.374521852196223470e+00 4.757813213577264833e+01
-1.102864557516000055e+01 -3.682316873514050126e+00 5.145808739378419716e+01
-1.069029592332720036e+01 -3.991909404084607704e+00 5.533804265179575310e+01
-1.052886692749235920e+01 -4.314420953587194241e+00 5.921799790980730194e+01
-3.939613398192737481e+00 -5.463261170198986605e+00 1.018669039634040097e+00
-5.415749723923682701e+00 -7.484780613187288267e+00 4.898624297645590708e+00
-6.473167507441517365e+00 -9.253109151167778990e+00 8.778579555657142208e+00
-8.026315654558130674e+00 -1.012781286846948525e+01 1.265853481366869104e+01
-8.093749837275185044e+00 -1.177375068961658044e+01 1.653849007168024343e+01
-8.808128371457543793e+00 -1.203279326397627713e+01 2.041844532969179227e+01
-8.811401969768470011e+00 -1.182262778196681552e+01 2.429840058770334466e+01
-7.679274031589716998e+00 -1.115279924551901303e+01 2.817835584571489704e+01
-6.901467674068061164e+00 -1.019719275639457834e+01 3.205831110372644588e+01
-6.794672431564307225e+00 -9.532762370199899138e+00 3.593826636173799471e+01
-6.776313841602455312e+00 -9.768508240217292027e+00 3.981822161974954355e+01
-7.190792416989218339e+00 -1.061541122329225573e+01 4.369817687776109949e+01
-8.104179851919790067e+00 -1.076927111425512784e+01 4.757813213577264833e+01
-7.872454700419798002e+00 -1.169951994461446887e+01 5.145808739378419716e+01
-8.033564917698127417e+00 -1.177527378876132680e+01 5.533804265179575310e+01
-7.757881718259755921e+00 -1.189167645335874646e+01 5.921799790980730194e+01
9.751932319565435048e-01 -1.139083957096541155e+01 1.018669039634040097e+00
9.478968519863493203e-01 -1.371419939638701102e+01 4.898624297645590708e+00
9.097541738499784758e-01 -1.504745346878614853e+01 8.778579555657142208e+00
1.892921734032213754e+00 -1.593341960007990110e+01 1.265853481366869104e+01
1.145184365830248296e+00 -1.631816016608347653e+01 1.653849007168024343e+01
1.301077034033033319e+00 -1.647913123255522194e+01 2.041844532969179227e+01
9.187013028278701032e-01 -1.645018702984923564e+01 2.429840058770334466e+01
5.212779936265202751e-01 -1.633707300292212494e+01 2.817835584571489704e+01
2.351555304434733429e-01 -1.543278828198792141e+01 3.205831110372644588e+01
1.651743903559858284e-01 -1.461268889319856434e+01 3.593826636173799471e+01
-4.285508638299409534e-02 -1.439494657637364483e+01 3.981822161974954355e+01
-5.092046571602660832e-01 -1.436920720558032372e+01 4.369817687776109949e+01
-1.703625815644971009e-01 -1.456457779250603224e+01 4.757813213577264833e+01
1.737569300133433581e-01 -1.393738453117690312e+01 5.145808739378419716e+01
-2.948095748091125734e-01 -1.190206631230416079e+01 5.533804265179575310e+01
5.469865916653589011e-01 -1.063613515368292362e+01 5.921799790980730194e+01
1.123515452322763331e+01 -1.287944526322282179e+01 1.018669039634040097e+00
1.155357372999108279e+01 -1.352518312871775841e+01 4.898624297645590708e+00
1.199670963074713548e+01 -1.406638929065581678e+01 8.778579555657142208e+00
1.065776058089673839e+01 -1.480341959916161265e+01 1.265853481366869104e+01
1.082725237106111926e+01 -1.506178781954877621e+01 1.653849007168024343e+01
1.033327959901867565e+01 -1.502735373240420635e+01 2.041844532969179227e+01
9.921295799085324774e+00 -1.492667931078842791e+01 2.429840058770334466e+01
9.144227483833185843e+00 -1.389460477840382424e+01 2.817835584571489704e+01
9.313892364051417516e+00 -1.317390062033659959e+01 3.205831110372644588e+01
9.498054430262060421e+00 -1.322151465377659640e+01 3.593826636173799471e+01
9.451182834865102578e+00 -1.207289819776275586e+01 3.981822161974954355e+01
7.821225161322526986e+00 -1.001337256981285506e+01 4.369817687776109949e+01
6.092811602052906395e+00 -8.815364015105167539e+00 4.757813213577264833e+01
5.418841949651991285e+00 -8.307740947669318032e+00 5.145808739378419716e+01
5.609301337190162329e+00 -7.320436984682165082e+00 5.533804265179575310e+01
5.178956676097958400e+00 -7.243128012449034259e+00 5.921799790980730194e+01
1.872140421901522345e+01 -7.707535132767794117e+00 1.018669039634040097e+00
1.852904862208609416e+01 -7.759740967434988868e+00 4.898624297645590708e+00
1.916746966741245828e+01 -8.561246958461703471e+00 8.778579555657142208e+00
1.859552280366139954e+01 -8.082607047621392482e+00 1.265853481366869104e+01
1.891976131075766787e+01 -8.431581786022176672e+00 1.653849007168024343e+01
1.760142658223011125e+01 -6.941652454939172046e+00 2.041844532969179227e+01
1.724766744264677243e+01 -7.842762411594169869e+00 2.429840058770334466e+01
1.478675706406987267e+01 -5.414987173608779791e+00 2.817835584571489704e+01
1.391025903922063733e+01 -5.176039474139033203e+00 3.205831110372644588e+01
1.285293551444182647e+01 -5.192918926303730309e+00 3.593826636173799471e+01
1.035636948035158866e+01 -4.181826817758165227e+00 3.981822161974954355e+01
7.352211511167605629e+00 -3.258267991912552564e+00 4.369817687776109949e+01
4.838171601571744418e+00 -2.538836226102146210e+00 4.757813213577264833e+01
4.431770435762263816e+00 -1.975528929539298817e+00 5.145808739378419716e+01
6.416513181421095169e+00 -2.252101553311415039e+00 5.533804265179575310e+01
6.961534645994479575e+00 -2.354717003967851330e+00 5.921799790980730194e+01
9.088316313346629371e+00 3.117441400903425475e+00 1.018669039634040097e+00
9.354262396815489211e+00 2.597163642296524078e+00 4.898624297645590708e+00
9.229670066804605000e+00 2.368880099563291708e+00 8.778579555657142208e+00
8.936513848748251831e+00 2.501112341201896960e+00 1.265853481366869104e+01
9.322334842527929766e+00 2.405036178803630076e+00 1.653849007168024343e+01
9.523396992886384638e+00 2.866923428804879936e+00 2.041844532969179227e+01
1.010861291731395006e+01 2.718753419651632086e+00 2.429840058770334466e+01
9.754885722199187370e+00 3.023491616933530413e+00 2.817835584571489704e+01
8.861045528367949231e+00 3.341224993463451476e+00 3.205831110372644588e+01
8.423380410785327399e+00 2.339571008058786816e+00 3.593826636173799471e+01
7.201379414430677528e+00 1.584880942029160744e+00 3.981822161974954355e+01
5.150090232622273057e+00 1.329453657711127779e+00 4.369817687776109949e+01
3.498259321897278173e+00 1.093565325006272015e+00 4.757813213577264833e+01
3.592417989034367487e+00 1.210073561948037835e+00 5.145808739378419716e+01
5.472410545509234225e+00 1.816216646339110286e+00 5.533804265179575310e+01
5.919988212216664714e+00 2.048273141911119755e+00 5.921799790980730194e+01
4.587960697653690190e+00 6.665613609950415075e+00 1.018669039634040097e+00
4.540278641796256842e+00 6.665988034439662258e+00 4.898624297645590708e+00
4.448154937740291359e+00 6.578473720821508941e+00 8.778579555657142208e+00
4.641053441197895424e+00 6.620319420129931132e+00 1.265853481366869104e+01
5.036635877542098960e+00 6.895109010443420061e+00 1.653849007168024343e+01
5.133471608679213816e+00 7.700048503263249522e+00 2.041844532969179227e+01
5.309204207138581211e+00 8.420670213337196230e+00 2.429840058770334466e+01
5.701213342548000718e+00 8.403926542057586602e+00 2.817835584571489704e+01
5.534866763282677127e+00 8.215794655180095774e+00 3.205831110372644588e+01
4.977027904483453113e+00 7.574831744575813097e+00 3.593826636173799471e+01
4.209307709650667029e+00 6.637761775368113959e+00 3.981822161974954355e+01
3.374391360934532624e+00 5.262817289869257564e+00 4.369817687776109949e+01
2.501313361451734441e+00 4.710334737474816791e+00 4.757813213577264833e+01
2.802681966212626996e+00 4.294710648517773066e+00 5.145808739378419716e+01
4.014029677535445373e+00 6.196228857298534010e+00 5.533804265179575310e+01
4.432799391334920180e+00 6.578794202671385705e+00 5.921799790980730194e+01
-1.169657912834973779e+00 1.132911779496446414e+01 1.018669039634040097e+00
-1.688381391409426557e+00 1.254325918906865489e+01 4.898624297645590708e+00
-1.629701467821913052e+00 1.286950171095319106e+01 8.778579555657142208e+00
-1.711001463208442930e+00 1.336257416160613332e+01 1.265853481366869104e+01
-1.481037370740015735e+00 1.380090479713017615e+01 1.653849007168024343e+01
-1.527338381768858389e+00 1.501860313586325191e+01 2.041844532969179227e+01
-1.955065104610435922e+00 1.705229341018348066e+01 2.429840058770334466e+01
-1.834794634142699499e+00 1.827335060280516643e+01 2.817835584571489704e+01
-1.889491655754950372e+00 1.877765047523182673e+01 3.205831110372644588e+01
-2.237747132858487475e+00 1.896062373111690746e+01 3.593826636173799471e+01
-1.686404533755545554e+00 1.767263839467874220e+01 3.981822161974954355e+01
-9.566781984176070397e-01 1.570873441986642582e+01 4.369817687776109949e+01
-1.511252606276341615e+00 1.492682613794177193e+01 4.757813213577264833e+01
-7.051235001447071493e-01 1.228722450908617603e+01 5.145808739378419716e+01
-3.243315857569167848e-01 1.131198201927044700e+01 5.533804265179575310e+01
-3.272761775802356388e-01 1.101652473764666063e+01 5.921799790980730194e+01
-8.781674875415639292e+00 1.221323267739518315e+01 1.018669039634040097e+00
-1.132416972126714150e+01 1.604172821579598462e+01 4.898624297645590708e+00
-1.258801901534303447e+01 1.774099056886041481e+01 8.778579555657142208e+00
-1.290846548263241012e+01 1.781274651281649213e+01 1.265853481366869104e+01
-1.124416183720193985e+01 1.608102020606583338e+01 1.653849007168024343e+01
-9.554809128875689339e+00 1.496175024543487986e+01 2.041844532969179227e+01
-1.013217885087650671e+01 1.633909206382652357e+01 2.429840058770334466e+01
-1.041922295220960137e+01 1.708590472466811860e+01 2.817835584571489704e+01
-1.007768955624420926e+01 1.678030261730065220e+01 3.205831110372644588e+01
-9.948836830391648789e+00 1.534256536073946542e+01 3.593826636173799471e+01
-9.918973213316208515e+00 1.580658227405039540e+01 3.981822161974954355e+01
-9.577008889592113050e+00 1.526022812825139496e+01 4.369817687776109949e+01
-8.870718968399287974e+00 1.385114022589299587e+01 4.757813213577264833e+01
-7.906512975129226461e+00 1.166366914400354382e+01 5.145808739378419716e+01
-6.793224875401532081e+00 9.722449082191552350e+00 5.533804265179575310e+01
-6.668410817532060442e+00 8.992037772418916219e+00 5.921799790980730194e+01
-8.137617208725345108e+00 3.506897027870094607e+00 1.018669039634040097e+00
-1.156831062550837785e+01 4.764779685509959783e+00 4.898624297645590708e+00
-1.330090269660695412e+01 5.239865791452992916e+00 8.778579555657142208e+00
-1.228781535921184265e+01 4.836124382158677015e+00 1.265853481366869104e+01
-9.891271248934558002e+00 3.744786459550041968e+00 1.653849007168024343e+01
-9.099760064236718904e+00 3.098039464607724724e+00 2.041844532969179227e+01
-1.026977306953727087e+01 3.389224859536841272e+00 2.429840058770334466e+01
-1.056534412439861370e+01 3.743411536737534018e+00 2.817835584571489704e+01
-9.924990314531198621e+00 3.162728755395509239e+00 3.205831110372644588e+01
-9.696073778389497022e+00 3.477436992343770683e+00 3.593826636173799471e+01
-1.010555526035312823e+01 3.524782189547251754e+00 3.981822161974954355e+01
-1.070832468620253586e+01 3.980805221743511257e+00 4.369817687776109949e+01
-1.090297361974011103e+01 4.147270587640161210e+00 4.757813213577264833e+01
-1.072459159339900658e+01 3.552927177321962837e+00 5.145808739378419716e+01
-1.004980081139478010e+01 3.040951709086617161e+00 5.533804265179575310e+01
-9.869494209373545601e+00 2.773714861905191675e+00 5.921799790980730194e+01
-5.998935969427323656e+00 -1.724792714095221946e+00 1.018669039634040097e+00
-8.588443731706325579e+00 -3.046240518894253846e+00 4.898624297645590708e+00
-1.060898684407673187e+01 -3.686864331672845552e+00 8.778579555657142208e+00
-1.165247846974231649e+01 -3.695956765326698701e+00 1.265853481366869104e+01
-1.173120817576326225e+01 -3.760894029179498776e+00 1.653849007168024343e+01
-1.193036831490208272e+01 -4.213025948684122390e+00 2.041844532969179227e+01
-1.193771291909161292e+01 -4.246575817524489871e+00 2.429840058770334466e+01
-1.052904673916391332e+01 -3.658805257101986452e+00 2.817835584571489704e+01
-9.497167191721397117e+00 -2.996103424303496077e+00 3.205831110372644588e+01
-9.095769287084863208e+00 -3.273828504454059374e+00 3.593826636173799471e+01
-9.543878814104148844e+00 -3.001498017933514006e+00 3.981822161974954355e+01
-1.027586907129053273e+01 -3.366729707665341742e+00 4.369817687776109949e+01
-1.083850962762016046e+01 -3.374521852196223470e+00 4.757813213577264833e+01
-1.102864557516000055e+01 -3.682316873514050126e+00 5.145808739378419716e+01
-1.069029592332720036e+01 -3.991909404084607704e+00 5.533804265179575310e+01
-1.052886692749235920e+01 -4.314420953587194241e+00 5.921799790980730194e+01
