-6.574597559905236643e+00 -4.167641165740085363e+00 1.083648903970590105e+00
-8.791962229863742095e+00 -5.870597674674314703e+00 1.185678239710381021e+01
-9.194863584078687424e+00 -7.347660148916395073e+00 2.262991589023703298e+01
-8.246869403728080528e+00 -7.302547047473595399e+00 3.340304938337025220e+01
-7.984160784384680909e+00 -6.539203051210304984e+00 4.417618287650347497e+01
-7.933302114304794372e+00 -6.488863122468753630e+00 5.494931636963669774e+01
8.100878281728865815e+00 -1.219258198716905284e+01 1.083648903970590105e+00
7.543507599216956905e+00 -1.452288790009104602e+01 1.185678239710381021e+01
4.369025112510215081e+00 -1.483026878241386903e+01 2.262991589023703298e+01
3.944474440264231774e+00 -1.245370551326563735e+01 3.340304938337025220e+01
2.556823665143295621e+00 -8.942227376611695533e+00 4.417618287650347497e+01
2.263515524209620544e+00 -8.858169321295987331e+00 5.494931636963669774e+01
1.506677560384481929e+01 -5.717015605583523730e+00 1.083648903970590105e+00
1.461493553434647374e+01 -5.949851438001036996e+00 1.185678239710381021e+01
1.111532042131911702e+01 -2.410752890881442845e+00 2.262991589023703298e+01
7.519286980138334187e+00 -1.519370822230466045e+00 3.340304938337025220e+01
5.569941979482722516e+00 1.389677036383639430e-01 4.417618287650347497e+01
6.017892050952075245e+00 4.433511161404050105e-01 5.494931636963669774e+01
-4.190301623281257326e-01 1.160938369073862297e+01 1.083648903970590105e+00
-1.052125159373612229e-01 1.295340474284464882e+01 1.185678239710381021e+01
1.435473195554852199e-01 1.559674825659122455e+01 2.262991589023703298e+01
9.812278281928286106e-01 1.431695896174637106e+01 3.340304938337025220e+01
2.130085551907856534e+00 1.097421230183427099e+01 4.417618287650347497e+01
2.808143753955090194e+00 9.688413891353116369e+00 5.494931636963669774e+01
-1.006433191160348173e+01 1.266835967855459977e+01 1.083648903970590105e+00
-9.057033530926277720e+00 1.202016543734914578e+01 1.185678239710381021e+01
-8.977026887644361963e+00 1.136640821688997960e+01 2.262991589023703298e+01
-7.313834343125055426e+00 8.538179039294945483e+00 3.340304938337025220e+01
-6.816610374831055807e+00 6.478284458447754801e+00 4.417618287650347497e+01
-6.334206808532608868e+00 5.872767060142153994e+00 5.494931636963669774e+01
-6.574597559905236643e+00 -4.167641165740085363e+00 1.083648903970590105e+00
-8.791962229863742095e+00 -5.870597674674314703e+00 1.185678239710381021e+01
-9.194863584078687424e+00 -7.347660148916395073e+00 2.262991589023703298e+01
-8.246869403728080528e+00 -7.302547047473595399e+00 3.340304938337025220e+01
-7.984160784384680909e+00 -6.539203051210304984e+00 4.417618287650347497e+01
-7.933302114304794372e+00 -6.488863122468753630e+00 5.494931636963669774e+01
