-4.907455483317034961e+00 -9.552034029691686134e-01 1.083648903970590105e+00
-6.714327067254184378e+00 -1.501270469702457255e+00 3.238275602597234570e+00
-8.098355953838822785e+00 -1.944081592911623302e+00 5.392902301223879036e+00
-9.333004222633936919e+00 -2.008676575254618069e+00 7.547528999850523057e+00
-1.008538858927876092e+01 -1.982402547243324653e+00 9.702155698477167078e+00
-1.036600826679645060e+01 -2.008310908766241631e+00 1.185678239710381376e+01
-1.043779139248602661e+01 -2.262657249573178486e+00 1.401140909573045690e+01
-1.037991907476944498e+01 -2.102474907203599308e+00 1.616603579435710003e+01
-1.036817783473112087e+01 -2.192450321196137253e+00 1.832066249298374672e+01
-1.040182627319294895e+01 -2.290990983185630991e+00 2.047528919161038985e+01
-1.047848968055329877e+01 -2.053181447104232671e+00 2.262991589023703654e+01
-1.072268060836403514e+01 -2.159418148807405569e+00 2.478454258886367967e+01
-1.049173678760664075e+01 -2.702216331260856919e+00 2.693916928749032280e+01
-1.013246913301063223e+01 -2.313496603050204214e+00 2.909379598611696949e+01
-9.771213062212881439e+00 -2.409470376891367671e+00 3.124842268474361262e+01
-9.382226216773318583e+00 -2.140002910547874837e+00 3.340304938337025931e+01
-9.109104380698061831e+00 -2.080732453519724245e+00 3.555767608199690244e+01
-9.090864978687044129e+00 -2.130092568664406993e+00 3.771230278062354557e+01
-9.222007037796464246e+00 -2.093221299768676769e+00 3.986692947925018871e+01
-9.448865099160402181e+00 -1.673985542191447351e+00 4.202155617787683894e+01
-9.538753912172271754e+00 -2.145092967948988516e+00 4.417618287650348208e+01
-9.575410690137628578e+00 -1.770102713524766669e+00 4.633080957513012521e+01
-9.497467645131955294e+00 -2.395608406877442143e+00 4.848543627375676834e+01
-9.223646782041299730e+00 -1.606024894171484974e+00 5.064006297238341148e+01
-8.954781765014807604e+00 -2.291658537887391489e+00 5.279468967101005461e+01
-8.736760489224044690e+00 -1.442611428978894939e+00 5.494931636963669774e+01
-4.467499229398693927e+00 -2.929427686871576064e+00 1.083648903970590105e+00
-5.257204278504085337e+00 -4.217938714859720051e+00 3.238275602597234570e+00
-6.233844501314500519e+00 -4.956165286184272212e+00 5.392902301223879036e+00
-7.199798617015936486e+00 -5.380797331486253832e+00 7.547528999850523057e+00
-8.078699452139892045e+00 -5.695150451710228268e+00 9.702155698477167078e+00
-8.797166602812634295e+00 -5.646997707078938333e+00 1.185678239710381376e+01
-8.815763338213937317e+00 -6.399994123400674084e+00 1.401140909573045690e+01
-9.355307075833120933e+00 -6.442813424032197034e+00 1.616603579435710003e+01
-9.611695397842064281e+00 -6.582321760439607594e+00 1.832066249298374672e+01
-9.689300527754925341e+00 -7.144836270748370133e+00 2.047528919161038985e+01
-1.034354869781944330e+01 -6.875991847175898286e+00 2.262991589023703654e+01
-1.037041079251757658e+01 -7.439767809956858713e+00 2.478454258886367967e+01
-9.959481805651247299e+00 -7.607039830916209056e+00 2.693916928749032280e+01
-9.670569157695133811e+00 -6.934078192178366962e+00 2.909379598611696949e+01
-9.343132661375674886e+00 -7.226457706636435496e+00 3.124842268474361262e+01
-9.151776105694423791e+00 -7.566263172310165430e+00 3.340304938337025931e+01
-9.091201645587759117e+00 -6.700528932735661414e+00 3.555767608199690244e+01
-8.896881406054559349e+00 -6.705697585988036558e+00 3.771230278062354557e+01
-8.720426997375444245e+00 -7.043762811601634866e+00 3.986692947925018871e+01
-8.729298756251958835e+00 -6.580573544315953427e+00 4.202155617787683894e+01
-8.683022555072142268e+00 -6.630106265155825795e+00 4.417618287650348208e+01
-8.823201055943519222e+00 -6.263694447358136408e+00 4.633080957513012521e+01
-8.829854020929632341e+00 -6.335519316042361737e+00 4.848543627375676834e+01
-8.693905804776452584e+00 -6.736202872375484318e+00 5.064006297238341148e+01
-8.555494431089917029e+00 -6.417354489254936567e+00 5.279468967101005461e+01
-8.611657613606977790e+00 -5.981496210502878164e+00 5.494931636963669774e+01
-3.146455977222654354e+00 -5.049480878257190497e+00 1.083648903970590105e+00
-3.560821838904242753e+00 -6.268264952988228167e+00 3.238275602597234570e+00
-3.961485139734884697e+00 -7.088878904252375435e+00 5.392902301223879036e+00
-4.482545092549358401e+00 -7.762838598967372050e+00 7.547528999850523057e+00
-4.849916965436070981e+00 -8.963020917412919175e+00 9.702155698477167078e+00
-5.358071138725096993e+00 -9.507814289644409556e+00 1.185678239710381376e+01
-5.683183282983140572e+00 -9.754632615309711596e+00 1.401140909573045690e+01
-6.091577768916960345e+00 -1.007104928304595504e+01 1.616603579435710003e+01
-6.232237015454038520e+00 -1.059403807794098995e+01 1.832066249298374672e+01
-6.203113087221507449e+00 -1.143383652497820080e+01 2.047528919161038985e+01
-6.896697270922344636e+00 -1.175579677257992905e+01 2.262991589023703654e+01
-7.458332924701619682e+00 -1.215116996379382996e+01 2.478454258886367967e+01
-6.864386378339855099e+00 -1.315351858085217174e+01 2.693916928749032280e+01
-7.303583328228831384e+00 -1.260427536988917829e+01 2.909379598611696949e+01
-7.261780600480177483e+00 -1.251055084197481193e+01 3.124842268474361262e+01
-7.160288485420360338e+00 -1.218932081008123269e+01 3.340304938337025931e+01
-6.844649023242822317e+00 -1.194269541039489546e+01 3.555767608199690244e+01
-6.900798390373638291e+00 -1.137541630370073342e+01 3.771230278062354557e+01
-6.341979550780235897e+00 -1.146418925053144378e+01 3.986692947925018871e+01
-6.695904482290225168e+00 -1.063511182719927817e+01 4.202155617787683894e+01
-6.151663130831357407e+00 -1.085028158751483218e+01 4.417618287650348208e+01
-6.134125534593583673e+00 -1.068154918516667706e+01 4.633080957513012521e+01
-5.946733137770756628e+00 -1.080106945110723515e+01 4.848543627375676834e+01
-6.075893199187995641e+00 -1.060557433978601161e+01 5.064006297238341148e+01
-5.639579625109204741e+00 -1.030316026301902355e+01 5.279468967101005461e+01
-5.639579625109204741e+00 -1.030316026301902355e+01 5.494931636963669774e+01
-8.264787139577313146e-01 -7.381439661748860459e+00 1.083648903970590105e+00
-7.521854182323738369e-01 -8.857022362703284912e+00 3.238275602597234570e+00
-8.137795278093721274e-01 -1.022536472569344568e+01 5.392902301223879036e+00
-2.882196504731919240e-01 -1.218629047636326668e+01 7.547528999850523057e+00
-3.480988784740190467e-01 -1.282133164056743446e+01 9.702155698477167078e+00
-1.561581668876330431e+00 -1.318941073124851648e+01 1.185678239710381376e+01
-7.750030709019173347e-01 -1.433884743263207540e+01 1.401140909573045690e+01
-9.754210242588289281e-01 -1.530521653515416425e+01 1.616603579435710003e+01
-1.639844032749429248e+00 -1.509437047999134052e+01 1.832066249298374672e+01
-3.245546039201034905e-01 -1.587447114390556280e+01 2.047528919161038985e+01
2.607743268567930088e-03 -1.653238809452401625e+01 2.262991589023703654e+01
-1.062628534145085624e+00 -1.653424579325808708e+01 2.478454258886367967e+01
-1.527220006248151574e+00 -1.651550286393125688e+01 2.693916928749032280e+01
-1.192256232131249760e+00 -1.640842513812685155e+01 2.909379598611696949e+01
-1.877548490205112719e+00 -1.631414700465342094e+01 3.124842268474361262e+01
-1.831017837236347923e+00 -1.568868097093994329e+01 3.340304938337025931e+01
-7.811549613033491601e-01 -1.484828827430267495e+01 3.555767608199690244e+01
-9.696478711581258958e-01 -1.388953170375685531e+01 3.771230278062354557e+01
-1.306665875099082941e+00 -1.311749060032932590e+01 3.986692947925018871e+01
-2.289922284043400147e+00 -1.245841698552355936e+01 4.202155617787683894e+01
-1.500969823423343286e+00 -1.202092987171941907e+01 4.417618287650348208e+01
-7.368729035638181823e-01 -1.162838291872541951e+01 4.633080957513012521e+01
-1.349668449948599136e+00 -1.167168724254062440e+01 4.848543627375676834e+01
-7.867509397497300938e-01 -1.126109393031794959e+01 5.064006297238341148e+01
-1.076532048425794308e+00 -1.065788545422297595e+01 5.279468967101005461e+01
-1.062993261808634182e+00 -1.053718854494262835e+01 5.494931636963669774e+01
1.920215759849574599e+00 -1.091989894425713636e+01 1.083648903970590105e+00
2.804790627236054323e+00 -1.243676256099221966e+01 3.238275602597234570e+00
3.974123768114016908e+00 -1.268157843489313308e+01 5.392902301223879036e+00
5.692357296828521207e+00 -1.320305351997560095e+01 7.547528999850523057e+00
6.365046429587684962e+00 -1.374247476908937671e+01 9.702155698477167078e+00
5.439402261960248453e+00 -1.431918157383337054e+01 1.185678239710381376e+01
5.322305917658979091e+00 -1.472228050477440142e+01 1.401140909573045690e+01
5.331274432475965774e+00 -1.508249297661741650e+01 1.616603579435710003e+01
5.250172267012366945e+00 -1.530249069944455087e+01 1.832066249298374672e+01
5.043289578650547611e+00 -1.533869091266452855e+01 2.047528919161038985e+01
5.292792665347902492e+00 -1.524004461855832027e+01 2.262991589023703654e+01
5.071070301977587569e+00 -1.502164916863110378e+01 2.478454258886367967e+01
4.228267834606489473e+00 -1.455569316492322152e+01 2.693916928749032280e+01
4.217005188461238063e+00 -1.420010072609423446e+01 2.909379598611696949e+01
3.980482902833477610e+00 -1.427690111159320629e+01 3.124842268474361262e+01
3.726754181796337662e+00 -1.352015193348990074e+01 3.340304938337025931e+01
5.016060064940102592e+00 -1.316720496298964882e+01 3.555767608199690244e+01
4.153594239794976772e+00 -1.375472534099760402e+01 3.771230278062354557e+01
4.043089974642884776e+00 -1.285335148391878413e+01 3.986692947925018871e+01
3.354224935300142985e+00 -1.148563480110943402e+01 4.202155617787683894e+01
3.603939591643499085e+00 -1.032246216863203259e+01 4.417618287650348208e+01
3.212092924398922023e+00 -9.705052654952861957e+00 4.633080957513012521e+01
3.035913662839250460e+00 -9.649186183829900898e+00 4.848543627375676834e+01
3.203018671109566728e+00 -9.091284847776137212e+00 5.064006297238341148e+01
2.834951922035119587e+00 -9.163464939459059266e+00 5.279468967101005461e+01
3.759571403965869862e+00 -8.802660751952764429e+00 5.494931636963669774e+01
1.243140736532213531e+01 -1.058358617970390014e+01 1.083648903970590105e+00
1.156543643154683743e+01 -1.126193237185485074e+01 3.238275602597234570e+00
1.204092780706016264e+01 -1.209336660121739015e+01 5.392902301223879036e+00
1.171887912946974097e+01 -1.253144102958649597e+01 7.547528999850523057e+00
1.195607771521778950e+01 -1.312947773442274446e+01 9.702155698477167078e+00
1.437993849413121161e+01 -1.332753470393313577e+01 1.185678239710381376e+01
1.280936720572717391e+01 -1.385006360844106155e+01 1.401140909573045690e+01
1.345046912743961620e+01 -1.387779380264115403e+01 1.616603579435710003e+01
1.259934044552452725e+01 -1.387218193921401443e+01 1.832066249298374672e+01
1.182416238692304944e+01 -1.399239133897074971e+01 2.047528919161038985e+01
1.183372248730646703e+01 -1.339346133265609140e+01 2.262991589023703654e+01
1.010780255888793278e+01 -1.269676659886015635e+01 2.478454258886367967e+01
9.585608400039300037e+00 -1.216180710421973288e+01 2.693916928749032280e+01
9.347841447950985483e+00 -1.210646462802915835e+01 2.909379598611696949e+01
8.207876635331329496e+00 -1.205519343078776373e+01 3.124842268474361262e+01
9.861169309143329897e+00 -1.107421988325199003e+01 3.340304938337025931e+01
1.064321807502470385e+01 -1.014077870582158880e+01 3.555767608199690244e+01
9.463575420404849226e+00 -1.039402528104633738e+01 3.771230278062354557e+01
7.996377550905955367e+00 -9.452822602697112941e+00 3.986692947925018871e+01
6.923488955208701334e+00 -7.757947675802136622e+00 4.202155617787683894e+01
5.940626296169614129e+00 -6.716916725657841702e+00 4.417618287650348208e+01
5.098529184843301643e+00 -6.124840472578432227e+00 4.633080957513012521e+01
4.855192609842161389e+00 -6.072966744000510175e+00 4.848543627375676834e+01
5.138601255270825341e+00 -5.693003761791051609e+00 5.064006297238341148e+01
5.488349749306482117e+00 -6.541578039975564529e+00 5.279468967101005461e+01
5.511594165815647983e+00 -6.670514066136759013e+00 5.494931636963669774e+01
1.628475898240255404e+01 -7.924311925425722158e+00 1.083648903970590105e+00
1.714568432784988161e+01 -8.332947866382667712e+00 3.238275602597234570e+00
1.802982778415643494e+01 -8.480493742099758592e+00 5.392902301223879036e+00
1.822661909252016699e+01 -1.024985715643241235e+01 7.547528999850523057e+00
1.847319311776910666e+01 -1.022344466200530810e+01 9.702155698477167078e+00
1.787614004235193121e+01 -1.006070688040646743e+01 1.185678239710381376e+01
1.795771315456719108e+01 -9.723769718673722195e+00 1.401140909573045690e+01
1.744787074001429161e+01 -9.888775445370049155e+00 1.616603579435710003e+01
1.703556043810087672e+01 -9.274756513875944464e+00 1.832066249298374672e+01
1.554044764964921832e+01 -7.758525018140693064e+00 2.047528919161038985e+01
1.512056584758715516e+01 -8.003099929898105813e+00 2.262991589023703654e+01
1.448948486706655459e+01 -7.670791874968469592e+00 2.478454258886367967e+01
1.290361021097963423e+01 -6.135133169599574110e+00 2.693916928749032280e+01
1.269221548379302433e+01 -6.360190021565971463e+00 2.909379598611696949e+01
1.183235029294955076e+01 -5.411624323821675020e+00 3.124842268474361262e+01
1.106041961746413982e+01 -5.007377385794595348e+00 3.340304938337025931e+01
1.029420066105892495e+01 -5.290453697095819585e+00 3.555767608199690244e+01
8.566551814175456414e+00 -3.652157147083951561e+00 3.771230278062354557e+01
7.710480542633315615e+00 -4.222663765151844828e+00 3.986692947925018871e+01
5.822440713195963014e+00 -2.860452602807589617e+00 4.202155617787683894e+01
4.994072098146165040e+00 -2.705011767398354916e+00 4.417618287650348208e+01
4.507016426507790108e+00 -2.316513339353640344e+00 4.633080957513012521e+01
4.669088549103559416e+00 -2.399851928977120519e+00 4.848543627375676834e+01
5.530956684397599687e+00 -2.411986788267787674e+00 5.064006297238341148e+01
6.640429087888715110e+00 -3.006098288823461750e+00 5.279468967101005461e+01
6.897662527176979808e+00 -3.113026556587746629e+00 5.494931636963669774e+01
1.228086761786055092e+01 -1.036177967257514432e+00 1.083648903970590105e+00
1.172346359870794608e+01 -5.996582709679706413e-01 3.238275602597234570e+00
1.085507661880517816e+01 7.473795438504779454e-03 5.392902301223879036e+00
1.080990350182596416e+01 -4.701293121481429083e-01 7.547528999850523057e+00
1.078063877789901603e+01 -8.976038122541490916e-01 9.702155698477167078e+00
9.685971764346154700e+00 1.670889072882132398e-01 1.185678239710381376e+01
1.022138403472417068e+01 -3.296606257555788067e-01 1.401140909573045690e+01
1.019324683848115498e+01 -9.233417733821816520e-02 1.616603579435710003e+01
1.099201573455921732e+01 -9.925141414327669498e-01 1.832066249298374672e+01
1.022007322087266701e+01 8.108957039841438452e-02 2.047528919161038985e+01
1.056457642247446671e+01 -4.502904356343534475e-01 2.262991589023703654e+01
1.047202538021733886e+01 -5.631838219888838371e-01 2.478454258886367967e+01
9.994937722008668146e+00 -3.755331297727988460e-01 2.693916928749032280e+01
9.800537283886187723e+00 -6.299840522502090367e-01 2.909379598611696949e+01
8.931119975798550215e+00 1.167730344270724724e-01 3.124842268474361262e+01
8.399473377018658482e+00 -2.713166214863549364e-01 3.340304938337025931e+01
7.811223639735065838e+00 -4.968536265116649808e-01 3.555767608199690244e+01
6.545165788614227154e+00 -1.906592897164570422e-01 3.771230278062354557e+01
5.895032029735595813e+00 -4.889359604405546511e-01 3.986692947925018871e+01
5.036214793884703056e+00 -2.298288656522643469e-01 4.202155617787683894e+01
4.225518489905839559e+00 6.569214657817039338e-02 4.417618287650348208e+01
4.109090989625615364e+00 -2.914225271052249822e-01 4.633080957513012521e+01
4.393895613671380040e+00 -1.355702655950510038e-01 4.848543627375676834e+01
5.203680232302116515e+00 4.455486197321834041e-03 5.064006297238341148e+01
6.845490001575054606e+00 4.141887638275365546e-02 5.279468967101005461e+01
7.262361133655504730e+00 -1.352043752531675302e-01 5.494931636963669774e+01
8.368469608629467871e+00 3.337218885310829553e+00 1.083648903970590105e+00
8.056628424014130374e+00 3.462151802651553201e+00 3.238275602597234570e+00
7.642189591131615778e+00 3.369663441928081316e+00 5.392902301223879036e+00
7.467500379942748623e+00 3.055586301388020232e+00 7.547528999850523057e+00
7.466789200716580588e+00 2.736467512042453532e+00 9.702155698477167078e+00
7.072850830737503536e+00 3.167879305722376415e+00 1.185678239710381376e+01
7.412128515985894062e+00 2.833935656649960055e+00 1.401140909573045690e+01
7.532186577597010491e+00 3.072114407539132230e+00 1.616603579435710003e+01
7.761563438958767769e+00 3.254826195358639929e+00 1.832066249298374672e+01
8.065331379440710435e+00 3.175447016097284969e+00 2.047528919161038985e+01
7.856325002150818193e+00 3.602625994740610516e+00 2.262991589023703654e+01
8.016037875193587681e+00 3.195322110817436556e+00 2.478454258886367967e+01
7.754491063396753425e+00 3.324889184319086421e+00 2.693916928749032280e+01
7.209783837433315412e+00 3.617379395477589910e+00 2.909379598611696949e+01
7.130841629937124893e+00 3.007239846249984971e+00 3.124842268474361262e+01
6.701929437513263643e+00 2.849013236113130176e+00 3.340304938337025931e+01
6.044666909119030151e+00 2.676708547119339698e+00 3.555767608199690244e+01
5.517750009721207327e+00 2.593780889585994842e+00 3.771230278062354557e+01
5.017432169688605725e+00 1.909908203588584819e+00 3.986692947925018871e+01
4.278535290415019787e+00 1.791585311383643075e+00 4.202155617787683894e+01
3.865044656354089891e+00 1.489824790387829889e+00 4.417618287650348208e+01
3.934342237361230232e+00 1.602223014359869913e+00 4.633080957513012521e+01
4.372349761645172528e+00 2.516657677659846382e+00 4.848543627375676834e+01
5.476579318939315932e+00 2.483684207337633953e+00 5.064006297238341148e+01
6.988307324438398638e+00 3.419631648049882955e+00 5.279468967101005461e+01
7.358531027196538510e+00 3.504455272091873574e+00 5.494931636963669774e+01
5.614466667414689915e+00 5.970590297746820596e+00 1.083648903970590105e+00
5.081205092504937681e+00 6.135097349596165373e+00 3.238275602597234570e+00
4.757925068907735699e+00 6.057914870415975095e+00 5.392902301223879036e+00
4.670822434920720134e+00 5.835545748695254886e+00 7.547528999850523057e+00
5.187568614416953494e+00 5.244786995540493102e+00 9.702155698477167078e+00
5.210276737868243302e+00 5.342624847993576509e+00 1.185678239710381376e+01
4.758298230961460540e+00 6.135220042716575506e+00 1.401140909573045690e+01
5.304621738952602250e+00 5.898731084396649393e+00 1.616603579435710003e+01
5.615354947529032970e+00 5.983493810288427639e+00 1.832066249298374672e+01
5.816204007224779815e+00 6.274385878307490394e+00 2.047528919161038985e+01
6.064573264118940266e+00 6.300327788033029286e+00 2.262991589023703654e+01
5.823693758278051469e+00 6.779793235786722327e+00 2.478454258886367967e+01
6.077695561382197909e+00 6.221050998417339883e+00 2.693916928749032280e+01
5.586295481479406355e+00 6.794360931436723483e+00 2.909379598611696949e+01
5.434132460537494325e+00 6.632687666763732004e+00 3.124842268474361262e+01
5.193450743501919931e+00 6.570126959542180067e+00 3.340304938337025931e+01
5.193068363637066476e+00 5.843404505238179780e+00 3.555767608199690244e+01
4.665360934486668221e+00 5.834980627050615709e+00 3.771230278062354557e+01
4.385434645484910021e+00 5.171838972872736306e+00 3.986692947925018871e+01
4.037639148546458223e+00 4.977559068610154291e+00 4.202155617787683894e+01
3.780571967965676183e+00 4.828165520608096450e+00 4.417618287650348208e+01
3.869923498481769197e+00 5.397889277978829448e+00 4.633080957513012521e+01
4.400042838173028770e+00 5.510860227323392202e+00 4.848543627375676834e+01
5.264469245373642359e+00 6.256050786892750182e+00 5.064006297238341148e+01
6.506777324126457707e+00 7.210823039562188619e+00 5.279468967101005461e+01
6.827966448579664949e+00 7.192492537310434919e+00 5.494931636963669774e+01
2.027387554234125311e+00 8.861526734530436045e+00 1.083648903970590105e+00
1.880580417331243481e+00 8.952489860193839633e+00 3.238275602597234570e+00
2.359467417756860197e+00 8.368868264179353034e+00 5.392902301223879036e+00
2.110628175521620520e+00 8.594436113086374007e+00 7.547528999850523057e+00
2.582877750606455081e+00 8.173677800308341901e+00 9.702155698477167078e+00
2.828361007260429716e+00 8.181295483256647572e+00 1.185678239710381376e+01
2.161244631621542567e+00 9.415410977662148184e+00 1.401140909573045690e+01
2.512178232313988957e+00 9.438417766497565253e+00 1.616603579435710003e+01
2.925506059575897932e+00 9.411507969346454061e+00 1.832066249298374672e+01
3.016698995874278921e+00 9.966356719050741830e+00 2.047528919161038985e+01
2.957497221677552357e+00 1.064824708139149045e+01 2.262991589023703654e+01
2.925083209690952479e+00 1.138991201106561135e+01 2.478454258886367967e+01
3.201572520221052098e+00 1.136644007884148699e+01 2.693916928749032280e+01
3.092789769400048794e+00 1.193439026592306540e+01 2.909379598611696949e+01
2.875898808608284174e+00 1.282331621092967566e+01 3.124842268474361262e+01
3.498047483355912757e+00 1.153121286922207922e+01 3.340304938337025931e+01
3.169607542788090981e+00 1.289261575850339092e+01 3.555767608199690244e+01
3.305620402744879005e+00 1.248843385432247644e+01 3.771230278062354557e+01
3.337855814466344384e+00 1.230117559329766230e+01 3.986692947925018871e+01
3.308851805182104311e+00 1.216473987559282399e+01 4.202155617787683894e+01
3.199123633967232649e+00 1.211232376343457595e+01 4.417618287650348208e+01
3.326531752632517325e+00 1.131499848810651265e+01 4.633080957513012521e+01
3.332828572416454804e+00 1.109592006109223661e+01 4.848543627375676834e+01
3.492220704331157943e+00 1.094142463166355661e+01 5.064006297238341148e+01
3.737971107016098582e+00 1.075776664233870150e+01 5.279468967101005461e+01
4.026058844108882262e+00 1.056800492137368153e+01 5.494931636963669774e+01
-3.285606872694736058e+00 1.332783346377458145e+01 1.083648903970590105e+00
-2.481788274259472793e+00 1.335165116913399963e+01 3.238275602597234570e+00
-2.845477521482311811e+00 1.428517918256570063e+01 5.392902301223879036e+00
-3.160656548246222108e+00 1.505481063617354742e+01 7.547528999850523057e+00
-2.669187680086453796e+00 1.474665822744045585e+01 9.702155698477167078e+00
-2.784279637866241330e+00 1.513649176699730070e+01 1.185678239710381376e+01
-2.362694796989918355e+00 1.507131245463802216e+01 1.401140909573045690e+01
-2.422729996214799453e+00 1.566069639908161726e+01 1.616603579435710003e+01
-2.267928744111544326e+00 1.605599612906173590e+01 1.832066249298374672e+01
-2.708488669912996638e+00 1.752972588181109259e+01 2.047528919161038985e+01
-2.613251025112269144e+00 1.852526149518713083e+01 2.262991589023703654e+01
-2.634726448656624864e+00 1.970402667501629068e+01 2.478454258886367967e+01
-2.211619004547709544e+00 1.949622147847772169e+01 2.693916928749032280e+01
-1.863210626787667357e+00 1.927378229298638956e+01 2.909379598611696949e+01
-2.191477978766606327e+00 1.958939660271903094e+01 3.124842268474361262e+01
-2.379536571046777738e+00 1.963721564871034175e+01 3.340304938337025931e+01
-2.150137951688065208e+00 1.922516901297981562e+01 3.555767608199690244e+01
-1.989461389567893201e+00 1.867713028603041536e+01 3.771230278062354557e+01
-1.887770197136245942e+00 1.793736854873066378e+01 3.986692947925018871e+01
-1.936645058607498582e+00 1.685536435074017092e+01 4.202155617787683894e+01
-1.360837099672393746e+00 1.584754229553257865e+01 4.417618287650348208e+01
-1.058726056141297667e+00 1.451436482942754935e+01 4.633080957513012521e+01
-1.452540520708730076e+00 1.288257723121594545e+01 4.848543627375676834e+01
-1.082130082277632965e+00 1.175518875958903742e+01 5.064006297238341148e+01
-1.054122232670439363e+00 1.064861407262417714e+01 5.279468967101005461e+01
-1.056541396882102912e+00 1.042082834854424256e+01 5.494931636963669774e+01
-7.767073047450292478e+00 1.354155312030853331e+01 1.083648903970590105e+00
-9.564480456800065866e+00 1.713169929873807718e+01 3.238275602597234570e+00
-1.090403516128567851e+01 1.849353034249027061e+01 5.392902301223879036e+00
-1.094658197910410102e+01 1.937624531607579570e+01 7.547528999850523057e+00
-1.120397652884865280e+01 1.972154928028803411e+01 9.702155698477167078e+00
-1.138134102431279260e+01 1.935748231583745493e+01 1.185678239710381376e+01
-1.034839642112272173e+01 1.728790860383030292e+01 1.401140909573045690e+01
-8.748245963127612157e+00 1.577360649929554803e+01 1.616603579435710003e+01
-7.584355318800445112e+00 1.437081673229929812e+01 1.832066249298374672e+01
-7.455205280558646841e+00 1.433492481805026131e+01 2.047528919161038985e+01
-8.293186910250176069e+00 1.572577350139518693e+01 2.262991589023703654e+01
-9.400484586901681539e+00 1.737316554707037497e+01 2.478454258886367967e+01
-9.216663477373215230e+00 1.703085135154908514e+01 2.693916928749032280e+01
-8.571244517429018828e+00 1.596984010665118348e+01 2.909379598611696949e+01
-7.535135961872356347e+00 1.535684618871287732e+01 3.124842268474361262e+01
-6.943847383467556256e+00 1.407206600762814119e+01 3.340304938337025931e+01
-6.584523958563484491e+00 1.268741438223877793e+01 3.555767608199690244e+01
-6.259237460900743066e+00 1.266202167768725495e+01 3.771230278062354557e+01
-6.059660131511015457e+00 1.236155052015095812e+01 3.986692947925018871e+01
-6.051677719878385098e+00 1.155142588517465896e+01 4.202155617787683894e+01
-5.865901030577684416e+00 1.100639212011415680e+01 4.417618287650348208e+01
-5.443164068399636513e+00 1.046226027918485357e+01 4.633080957513012521e+01
-5.253170363577034152e+00 9.506702379896356803e+00 4.848543627375676834e+01
-4.847982292127335668e+00 8.654313291591686053e+00 5.064006297238341148e+01
-4.380753763742268880e+00 8.134555266669835305e+00 5.279468967101005461e+01
-4.219175421535590331e+00 7.990755371744294955e+00 5.494931636963669774e+01
-7.193601101452034463e+00 5.677683811496970989e+00 1.083648903970590105e+00
-9.446319407437670179e+00 7.467973735758425491e+00 3.238275602597234570e+00
-1.129698314761983191e+01 9.345050552804902821e+00 5.392902301223879036e+00
-1.217616764386763961e+01 9.577108863964905794e+00 7.547528999850523057e+00
-1.218703056107611360e+01 9.519723051843014261e+00 9.702155698477167078e+00
-1.099375412792385376e+01 8.756431816861086403e+00 1.185678239710381376e+01
-9.007961399208236131e+00 7.041601251195661604e+00 1.401140909573045690e+01
-7.371490552942551844e+00 5.802569710027984939e+00 1.616603579435710003e+01
-6.734343518381749050e+00 5.141088109922903548e+00 1.832066249298374672e+01
-7.003259135261343360e+00 5.041000258402078771e+00 2.047528919161038985e+01
-7.662553482157621332e+00 5.521459560548715118e+00 2.262991589023703654e+01
-8.998837371665725726e+00 6.938678493246312584e+00 2.478454258886367967e+01
-9.752259826843273416e+00 7.352289769984547085e+00 2.693916928749032280e+01
-9.359769393324583575e+00 7.047237308851554083e+00 2.909379598611696949e+01
-8.662571018375061271e+00 6.372931754787340530e+00 3.124842268474361262e+01
-7.950002757572349310e+00 6.471000740800765705e+00 3.340304938337025931e+01
-7.695154131042954759e+00 5.697718933480446779e+00 3.555767608199690244e+01
-7.658035538043340473e+00 5.901364529365205946e+00 3.771230278062354557e+01
-7.757308153825019481e+00 5.791709672440952694e+00 3.986692947925018871e+01
-7.883922515478985815e+00 5.956345803655950455e+00 4.202155617787683894e+01
-7.921745349620876731e+00 5.842023770661955773e+00 4.417618287650348208e+01
-7.638210541575054080e+00 5.798049846657669981e+00 4.633080957513012521e+01
-7.418189328037153807e+00 5.466849390055153357e+00 4.848543627375676834e+01
-7.087643369074648092e+00 5.182024920465744700e+00 5.064006297238341148e+01
-6.669740449863096998e+00 4.695314929297158102e+00 5.279468967101005461e+01
-6.565214679007013387e+00 4.626420691854500333e+00 5.494931636963669774e+01
-5.833419600971888386e+00 1.341914573381592035e+00 1.083648903970590105e+00
-7.901411057013342010e+00 2.122342096272243239e+00 3.238275602597234570e+00
-9.597688751377415173e+00 2.326629883008918931e+00 5.392902301223879036e+00
-1.083063270806762723e+01 2.472371362644786963e+00 7.547528999850523057e+00
-1.112370848763631592e+01 3.011811702358129672e+00 9.702155698477167078e+00
-1.023904311233958886e+01 2.297956912276147179e+00 1.185678239710381376e+01
-9.380865851840027858e+00 1.735222843489638622e+00 1.401140909573045690e+01
-8.477164126949126910e+00 1.879686891673322036e+00 1.616603579435710003e+01
-8.264147921194666679e+00 1.917811639708576710e+00 1.832066249298374672e+01
-8.689696948836244772e+00 1.564875488374392276e+00 2.047528919161038985e+01
-9.052616854115154155e+00 1.925740336409754505e+00 2.262991589023703654e+01
-9.921892924879735176e+00 2.100070166117625536e+00 2.478454258886367967e+01
-1.022439244775343070e+01 2.277754048774465190e+00 2.693916928749032280e+01
-9.774361382653172114e+00 1.952833569835088046e+00 2.909379598611696949e+01
-9.230771287198258790e+00 1.920380719791421109e+00 3.124842268474361262e+01
-8.633319824712778257e+00 2.224028141076977771e+00 3.340304938337025931e+01
-8.540924755188184392e+00 1.772262260039554782e+00 3.555767608199690244e+01
-8.611991456742151385e+00 1.695894725631202471e+00 3.771230278062354557e+01
-8.926147921088235293e+00 1.687164869323228622e+00 3.986692947925018871e+01
-9.130266399958925305e+00 1.962030043635079046e+00 4.202155617787683894e+01
-9.227408451738549289e+00 2.017461960777522822e+00 4.417618287650348208e+01
-9.058314484658053445e+00 2.108558017268315155e+00 4.633080957513012521e+01
-9.009105252780248208e+00 1.459902220593618072e+00 4.848543627375676834e+01
-8.398466503538136507e+00 2.151613926458799675e+00 5.064006297238341148e+01
-8.140990030073076866e+00 1.408657334106855785e+00 5.279468967101005461e+01
-8.082132025039630463e+00 1.263796361958448911e+00 5.494931636963669774e+01
-4.907455483317034961e+00 -9.552034029691686134e-01 1.083648903970590105e+00
-6.714327067254184378e+00 -1.501270469702457255e+00 3.238275602597234570e+00
-8.098355953838822785e+00 -1.944081592911623302e+00 5.392902301223879036e+00
-9.333004222633936919e+00 -2.008676575254618069e+00 7.547528999850523057e+00
-1.008538858927876092e+01 -1.982402547243324653e+00 9.702155698477167078e+00
-1.036600826679645060e+01 -2.008310908766241631e+00 1.185678239710381376e+01
-1.043779139248602661e+01 -2.262657249573178486e+00 1.401140909573045690e+01
-1.037991907476944498e+01 -2.102474907203599308e+00 1.616603579435710003e+01
-1.036817783473112087e+01 -2.192450321196137253e+00 1.832066249298374672e+01
-1.040182627319294895e+01 -2.290990983185630991e+00 2.047528919161038985e+01
-1.047848968055329877e+01 -2.053181447104232671e+00 2.262991589023703654e+01
-1.072268060836403514e+01 -2.159418148807405569e+00 2.478454258886367967e+01
-1.049173678760664075e+01 -2.702216331260856919e+00 2.693916928749032280e+01
-1.013246913301063223e+01 -2.313496603050204214e+00 2.909379598611696949e+01
-9.771213062212881439e+00 -2.409470376891367671e+00 3.124842268474361262e+01
-9.382226216773318583e+00 -2.140002910547874837e+00 3.340304938337025931e+01
-9.109104380698061831e+00 -2.080732453519724245e+00 3.555767608199690244e+01
-9.090864978687044129e+00 -2.130092568664406993e+00 3.771230278062354557e+01
-9.222007037796464246e+00 -2.093221299768676769e+00 3.986692947925018871e+01
-9.448865099160402181e+00 -1.673985542191447351e+00 4.202155617787683894e+01
-9.538753912172271754e+00 -2.145092967948988516e+00 4.417618287650348208e+01
-9.575410690137628578e+00 -1.770102713524766669e+00 4.633080957513012521e+01
-9.497467645131955294e+00 -2.395608406877442143e+00 4.848543627375676834e+01
-9.223646782041299730e+00 -1.606024894171484974e+00 5.064006297238341148e+01
-8.954781765014807604e+00 -2.291658537887391489e+00 5.279468967101005461e+01
-8.736760489224044690e+00 -1.442611428978894939e+00 5.494931636963669774e+01
