-5.468927061785826993e+00 -1.008187240149551300e+00 1.018669039634040097e+00
-7.873869769269264296e+00 -1.228859824127781719e+00 3.426377770337478701e+00
-9.482010492855241779e+00 -1.869296528002136526e+00 5.834086501040917305e+00
-1.090065062149956532e+01 -1.796165165649328932e+00 8.241795231744355021e+00
-1.142954637263041739e+01 -2.675773938500748184e+00 1.064950396244779540e+01
-1.177408211162935636e+01 -2.832200308914389897e+00 1.305721269315123223e+01
-1.167360203874833502e+01 -2.347726160978740317e+00 1.546492142385467261e+01
-1.158263237720051819e+01 -2.825075416682364615e+00 1.787263015455810944e+01
-1.162020739062114849e+01 -2.839053639627745262e+00 2.028033888526154982e+01
-1.191265999725469982e+01 -2.974846854430579945e+00 2.268804761596499020e+01
-1.183901637859088218e+01 -2.221957711052532591e+00 2.509575634666842703e+01
-1.126978919684021641e+01 -2.762713850084603351e+00 2.750346507737186386e+01
-1.018998192315116214e+01 -2.234484174873389239e+00 2.991117380807530424e+01
-9.688173728028557363e+00 -2.349778045219548250e+00 3.231888253877874462e+01
-9.437776972271189280e+00 -1.863891191968149341e+00 3.472659126948217789e+01
-9.307938542145787864e+00 -2.204600466336751996e+00 3.713430000018561827e+01
-9.564620877545900512e+00 -2.169363269411936468e+00 3.954200873088905865e+01
-1.006211706092321556e+01 -2.157941254967900235e+00 4.194971746159249903e+01
-1.051048035771173517e+01 -2.433349163506289603e+00 4.435742619229593942e+01
-1.089534505672554410e+01 -2.006040617494711409e+00 4.676513492299937269e+01
-1.111518418259307062e+01 -2.366403440935631153e+00 4.917284365370281307e+01
-1.121695523588478061e+01 -2.139099504768926518e+00 5.158055238440625345e+01
-1.107454171599905024e+01 -2.615360569276656832e+00 5.398826111510968673e+01
-1.073855716677453920e+01 -2.842955354732720430e+00 5.639596984581312711e+01
-1.021312097049902512e+01 -2.802341940935933362e+00 5.880367857651656749e+01
-1.014597083237346631e+01 -2.789342686315478659e+00 6.121138730722000076e+01
-4.648045160734515235e+00 -2.854248635489460728e+00 1.018669039634040097e+00
-6.230306456317578068e+00 -4.282884510377885867e+00 3.426377770337478701e+00
-7.575337909751053367e+00 -5.270390636904771497e+00 5.834086501040917305e+00
-8.497076761662983202e+00 -6.269553714073730966e+00 8.241795231744355021e+00
-9.441704277976805670e+00 -7.112957867926130717e+00 1.064950396244779540e+01
-1.039772609372238854e+01 -7.457457941994571904e+00 1.305721269315123223e+01
-1.124947694133856757e+01 -7.605394686583357711e+00 1.546492142385467261e+01
-1.135428409086731349e+01 -8.651548214537491788e+00 1.787263015455810944e+01
-1.178273709916983236e+01 -8.634932142272381483e+00 2.028033888526154982e+01
-1.195045138089773751e+01 -8.435789117313797547e+00 2.268804761596499020e+01
-1.154345711225338533e+01 -8.257897018818695756e+00 2.509575634666842703e+01
-1.044346247302175179e+01 -7.772510829762267370e+00 2.750346507737186386e+01
-9.155899869419021897e+00 -7.245074114277559651e+00 2.991117380807530424e+01
-8.604911667732391578e+00 -6.917945361337295651e+00 3.231888253877874462e+01
-8.408323322666914734e+00 -6.398033302441463732e+00 3.472659126948217789e+01
-8.410015868170169995e+00 -6.001183610225188758e+00 3.713430000018561827e+01
-8.374306354302552435e+00 -6.597624524366629828e+00 3.954200873088905865e+01
-8.898883422485189598e+00 -6.419359319548659570e+00 4.194971746159249903e+01
-9.227160851300070021e+00 -6.972504635400857964e+00 4.435742619229593942e+01
-9.741302516209112028e+00 -6.961027988867795280e+00 4.676513492299937269e+01
-9.891324957791365335e+00 -7.683563565432528719e+00 4.917284365370281307e+01
-1.033368854652667856e+01 -7.121835597478177071e+00 5.158055238440625345e+01
-1.027474999609350270e+01 -7.656224684189578689e+00 5.398826111510968673e+01
-1.004525369079460262e+01 -7.871604592026793412e+00 5.639596984581312711e+01
-9.795607950782780904e+00 -7.408363734289592273e+00 5.880367857651656749e+01
-9.675417034296240004e+00 -7.061282133980888887e+00 6.121138730722000076e+01
-3.344005058221292792e+00 -5.576793435645551966e+00 1.018669039634040097e+00
-3.449373121344829762e+00 -7.322106156108057817e+00 3.426377770337478701e+00
-4.674536052915252426e+00 -8.146177893034174389e+00 5.834086501040917305e+00
-5.383666536318797213e+00 -9.191183548516105972e+00 8.241795231744355021e+00
-5.830988686020711853e+00 -1.034199058172819363e+01 1.064950396244779540e+01
-6.379474662580943978e+00 -1.131860745036140159e+01 1.305721269315123223e+01
-6.824090331724840475e+00 -1.220303088294628502e+01 1.546492142385467261e+01
-7.316455042581582191e+00 -1.264162293556293193e+01 1.787263015455810944e+01
-7.512324473752457266e+00 -1.304227955082943424e+01 2.028033888526154982e+01
-7.504282516959899674e+00 -1.332192371669643904e+01 2.268804761596499020e+01
-7.561290692478260134e+00 -1.321566492339848864e+01 2.509575634666842703e+01
-7.163646480490016621e+00 -1.281329589904703603e+01 2.750346507737186386e+01
-6.379194310732270168e+00 -1.249024544669064340e+01 2.991117380807530424e+01
-6.213185373284562552e+00 -1.152855669047708354e+01 3.231888253877874462e+01
-6.245284575629329815e+00 -1.078078633525442243e+01 3.472659126948217789e+01
-6.265926386786967228e+00 -1.046793963090410529e+01 3.713430000018561827e+01
-6.163331252805916094e+00 -1.062698347211779826e+01 3.954200873088905865e+01
-6.351462084808405351e+00 -1.090458895294113262e+01 4.194971746159249903e+01
-6.576149428973219635e+00 -1.142614894564256645e+01 4.435742619229593942e+01
-6.968630716291758453e+00 -1.182014198620983336e+01 4.676513492299937269e+01
-7.245639242689462911e+00 -1.235250550505524814e+01 4.917284365370281307e+01
-6.946474914450813110e+00 -1.281106579557726910e+01 5.158055238440625345e+01
-7.372960072574552548e+00 -1.309860467050209820e+01 5.398826111510968673e+01
-7.141067603327160285e+00 -1.304770659909872421e+01 5.639596984581312711e+01
-6.840741080547203978e+00 -1.074579029161208688e+01 5.880367857651656749e+01
-6.409684746490445839e+00 -1.032049021059162008e+01 6.121138730722000076e+01
-8.780896818561572115e-01 -7.972852774366455897e+00 1.018669039634040097e+00
-2.846469960020018286e-01 -1.096921967194795400e+01 3.426377770337478701e+00
-6.212863880578866072e-01 -1.242286584677965422e+01 5.834086501040917305e+00
-1.048076963973401110e+00 -1.380371403953417797e+01 8.241795231744355021e+00
-8.566449519477590258e-01 -1.550192414688906162e+01 1.064950396244779540e+01
-9.993904635972530315e-01 -1.599346337211481028e+01 1.305721269315123223e+01
-8.693445417501465267e-01 -1.620159490359257504e+01 1.546492142385467261e+01
-8.624587066123793333e-01 -1.620170704078431712e+01 1.787263015455810944e+01
-1.203064026269293318e+00 -1.674375990457419050e+01 2.028033888526154982e+01
-5.795865920965364015e-01 -1.664147845660239255e+01 2.268804761596499020e+01
-1.713917778011582849e+00 -1.670658458308009031e+01 2.509575634666842703e+01
-1.614028417214843802e+00 -1.665058959301717323e+01 2.750346507737186386e+01
-1.362105377182336818e+00 -1.598917400609652617e+01 2.991117380807530424e+01
-1.751169847475193109e+00 -1.510398143028957740e+01 3.231888253877874462e+01
-1.132262484579580120e+00 -1.469535912162765712e+01 3.472659126948217789e+01
-1.604359076273344620e+00 -1.421530066218040034e+01 3.713430000018561827e+01
-1.472411385081492385e+00 -1.424879733460680242e+01 3.954200873088905865e+01
-1.598871810908560676e+00 -1.432738198247718664e+01 4.194971746159249903e+01
-2.159581055106700731e+00 -1.444416278417352650e+01 4.435742619229593942e+01
-1.615587777582427664e+00 -1.479336265061295919e+01 4.676513492299937269e+01
-1.899014894242746054e+00 -1.513946635716347977e+01 4.917284365370281307e+01
-1.822087910223810336e+00 -1.415833401585084594e+01 5.158055238440625345e+01
-1.026930940505684342e+00 -1.441469227032717981e+01 5.398826111510968673e+01
-1.048545438718976319e+00 -1.105041133389269525e+01 5.639596984581312711e+01
-8.616617534692034841e-01 -9.230695579567418818e+00 5.880367857651656749e+01
-1.117845891543540748e+00 -8.500449125514982995e+00 6.121138730722000076e+01
3.228067416860001426e+00 -1.358884413729693996e+01 1.018669039634040097e+00
4.468149139350476418e+00 -1.440943457634642755e+01 3.426377770337478701e+00
5.731957050019898858e+00 -1.497121860789702552e+01 5.834086501040917305e+00
6.115466243650892864e+00 -1.498309421764416705e+01 8.241795231744355021e+00
5.504270512236947077e+00 -1.534622661688305101e+01 1.064950396244779540e+01
5.560829726831123310e+00 -1.545596325417371553e+01 1.305721269315123223e+01
5.698934752903502599e+00 -1.592565342643224291e+01 1.546492142385467261e+01
5.630088740728539598e+00 -1.600881283704777047e+01 1.787263015455810944e+01
4.973256949571122298e+00 -1.593309595364176978e+01 2.028033888526154982e+01
5.830098639943123828e+00 -1.586550001510711105e+01 2.268804761596499020e+01
5.939107616599459405e+00 -1.587084242636947629e+01 2.509575634666842703e+01
5.569153275455907881e+00 -1.558727440575403378e+01 2.750346507737186386e+01
4.844725948551324102e+00 -1.555760304817056827e+01 2.991117380807530424e+01
4.075013966938144883e+00 -1.552435517842834756e+01 3.231888253877874462e+01
5.299079758838494136e+00 -1.522702822266561462e+01 3.472659126948217789e+01
5.047313754003154962e+00 -1.489215248670103264e+01 3.713430000018561827e+01
4.801164012724665753e+00 -1.439169614248169893e+01 3.954200873088905865e+01
3.972063491885153841e+00 -1.410963213992673104e+01 4.194971746159249903e+01
5.017651719868394977e+00 -1.316621271860128495e+01 4.435742619229593942e+01
4.189904499704518059e+00 -1.310216325681964022e+01 4.676513492299937269e+01
4.135964749197978740e+00 -1.278970671110686652e+01 4.917284365370281307e+01
3.938181304984954334e+00 -1.265518334611976314e+01 5.158055238440625345e+01
3.652770706809199019e+00 -1.203917882984683629e+01 5.398826111510968673e+01
2.851590358281187232e+00 -9.775851744085553463e+00 5.639596984581312711e+01
2.456413354144526551e+00 -6.508315306410263013e+00 5.880367857651656749e+01
2.482342295186061865e+00 -6.083225382798068459e+00 6.121138730722000076e+01
1.238748445900706763e+01 -1.265577763908803455e+01 1.018669039634040097e+00
1.185491561019748197e+01 -1.277532841476150161e+01 3.426377770337478701e+00
1.389838598802971781e+01 -1.315774707637627472e+01 5.834086501040917305e+00
1.364923116951410975e+01 -1.360591815031826890e+01 8.241795231744355021e+00
1.356625575942263850e+01 -1.414083866173212556e+01 1.064950396244779540e+01
1.233708080700125720e+01 -1.454750427105535060e+01 1.305721269315123223e+01
1.272534710808852765e+01 -1.468901828470450965e+01 1.546492142385467261e+01
1.276256771089221331e+01 -1.461899969690925793e+01 1.787263015455810944e+01
1.296416155271677439e+01 -1.454104116508989897e+01 2.028033888526154982e+01
1.199661675344558631e+01 -1.484785811975312697e+01 2.268804761596499020e+01
1.221255756096282319e+01 -1.426092957005018391e+01 2.509575634666842703e+01
1.205629368790130052e+01 -1.370004689991343483e+01 2.750346507737186386e+01
1.050979142564691315e+01 -1.268821338423294875e+01 2.991117380807530424e+01
1.072717179141208099e+01 -1.265635604185051477e+01 3.231888253877874462e+01
1.208855752642911696e+01 -1.159972170454609852e+01 3.472659126948217789e+01
1.170562205039944814e+01 -1.215618118953738325e+01 3.713430000018561827e+01
1.159659823616238405e+01 -1.140076487699552210e+01 3.954200873088905865e+01
9.660692956535019249e+00 -1.098650455798595971e+01 4.194971746159249903e+01
8.521243340625080265e+00 -8.594220529625049565e+00 4.435742619229593942e+01
7.081812232004017105e+00 -7.828562369895251116e+00 4.676513492299937269e+01
5.920434906528088348e+00 -7.352295858691926256e+00 4.917284365370281307e+01
5.642650529984685193e+00 -7.021058462800080058e+00 5.158055238440625345e+01
5.898253407070563448e+00 -6.952689777314042807e+00 5.398826111510968673e+01
6.046667633216577187e+00 -6.780274759724339795e+00 5.639596984581312711e+01
4.863338669971090766e+00 -5.016864716490855081e+00 5.880367857651656749e+01
5.055867939705667169e+00 -4.963856875676235347e+00 6.121138730722000076e+01
1.815024504755285051e+01 -7.150983862111620404e+00 1.018669039634040097e+00
1.978046423490342320e+01 -9.260025685987800514e+00 3.426377770337478701e+00
1.986523835073889899e+01 -9.723806868754721222e+00 5.834086501040917305e+00
1.958778384435662190e+01 -9.147852165714731143e+00 8.241795231744355021e+00
2.021515095303802667e+01 -9.346753105134954609e+00 1.064950396244779540e+01
1.962465213219295634e+01 -9.623026140387905158e+00 1.305721269315123223e+01
2.032583992435326437e+01 -1.009463910386265617e+01 1.546492142385467261e+01
1.969720162903647775e+01 -9.525237839030886278e+00 1.787263015455810944e+01
1.896599781526957429e+01 -8.800206187614808329e+00 2.028033888526154982e+01
1.877126610290697073e+01 -9.359689518662715813e+00 2.268804761596499020e+01
1.790887850800316983e+01 -8.555166281501966452e+00 2.509575634666842703e+01
1.650999341209381299e+01 -7.712623473992934464e+00 2.750346507737186386e+01
1.534347631531665002e+01 -7.598088965114813575e+00 2.991117380807530424e+01
1.458403164441375033e+01 -5.667020779146730192e+00 3.231888253877874462e+01
1.433436184498765797e+01 -6.656914703256892274e+00 3.472659126948217789e+01
1.356808788777333952e+01 -6.945733124621935595e+00 3.713430000018561827e+01
1.197940595715264145e+01 -5.566087647823519724e+00 3.954200873088905865e+01
1.000939920951783435e+01 -5.000829730420459640e+00 4.194971746159249903e+01
7.691128667109180306e+00 -3.796300321926714183e+00 4.435742619229593942e+01
5.584259423193513427e+00 -2.837733837474300636e+00 4.676513492299937269e+01
4.377324671994084149e+00 -2.008580093012156453e+00 4.917284365370281307e+01
4.230806141002010357e+00 -1.886194202154625188e+00 5.158055238440625345e+01
4.954947501878820049e+00 -2.454510376273737471e+00 5.398826111510968673e+01
6.502316900580556336e+00 -2.952746065315386748e+00 5.639596984581312711e+01
7.778337631866127033e+00 -3.184738772292978304e+00 5.880367857651656749e+01
6.843459934557870383e+00 -2.741992926490570248e+00 6.121138730722000076e+01
1.062949300694080002e+01 1.868055775663900242e+00 1.018669039634040097e+00
1.352849180194358780e+01 -1.102734622912890927e+00 3.426377770337478701e+00
1.253692302984854123e+01 -3.555892354011067069e-01 5.834086501040917305e+00
1.272314633686234941e+01 -7.845848396898116306e-01 8.241795231744355021e+00
1.245829219917327713e+01 -7.716890669293255955e-01 1.064950396244779540e+01
1.158745308433172561e+01 -5.957670308908008527e-03 1.305721269315123223e+01
1.206154841655001242e+01 -4.175547890195266953e-01 1.546492142385467261e+01
1.179602744961061944e+01 8.867667730637600332e-02 1.787263015455810944e+01
1.270860513992755791e+01 -6.253287515723470191e-01 2.028033888526154982e+01
1.236614746847928359e+01 -3.581435310878854084e-02 2.268804761596499020e+01
1.304794788526108107e+01 -9.520745215185384414e-01 2.509575634666842703e+01
1.231008807254650073e+01 -3.001630782745626225e-01 2.750346507737186386e+01
1.212470756091575019e+01 -7.333900134387297820e-01 2.991117380807530424e+01
1.123056251419509977e+01 -1.517553694566925460e-02 3.231888253877874462e+01
1.029654237999892530e+01 4.862965918245477082e-01 3.472659126948217789e+01
1.004434757808905943e+01 -1.875915706397927873e-01 3.713430000018561827e+01
8.960587112212431649e+00 -3.572574310331496084e-01 3.954200873088905865e+01
6.998675206295619233e+00 9.327678928175150985e-02 4.194971746159249903e+01
5.536892348706974332e+00 9.911447945241641522e-02 4.435742619229593942e+01
4.311673749597190408e+00 1.973923139262829807e-01 4.676513492299937269e+01
3.640626300816890204e+00 1.605950495182049964e-02 4.917284365370281307e+01
3.423442246039969827e+00 4.587970588854080600e-01 5.158055238440625345e+01
4.288739031715575578e+00 -5.793187958105447399e-02 5.398826111510968673e+01
5.764374112545088025e+00 1.382293782308327279e-01 5.639596984581312711e+01
8.604134116159748658e+00 -1.756511076637946311e-01 5.880367857651656749e+01
9.189001314734992931e+00 -2.105413168273174152e-01 6.121138730722000076e+01
8.175364797879366208e+00 3.954263610553283126e+00 1.018669039634040097e+00
8.541971793341646801e+00 3.540657511374040833e+00 3.426377770337478701e+00
8.188464061362100921e+00 3.610741870924556451e+00 5.834086501040917305e+00
8.312818633856482009e+00 3.293021079542198581e+00 8.241795231744355021e+00
7.878952634437806246e+00 3.486245899111720004e+00 1.064950396244779540e+01
7.897366500245441401e+00 3.452300753413640066e+00 1.305721269315123223e+01
7.984952941194973342e+00 3.583599151426839935e+00 1.546492142385467261e+01
8.449192048074470662e+00 3.303846542800377151e+00 1.787263015455810944e+01
8.830441985726839249e+00 3.399691279298254987e+00 2.028033888526154982e+01
8.785175871536015535e+00 3.983055436599786336e+00 2.268804761596499020e+01
8.953560443040002426e+00 4.179960847036247706e+00 2.509575634666842703e+01
9.221681341041245261e+00 3.884343473714222394e+00 2.750346507737186386e+01
9.348033576604464656e+00 3.451172960433380066e+00 2.991117380807530424e+01
8.379712315127015643e+00 4.317422674601882449e+00 3.231888253877874462e+01
7.983190933068799566e+00 4.029342240152384846e+00 3.472659126948217789e+01
7.346127665912774773e+00 3.644774775243412535e+00 3.713430000018561827e+01
6.890594441520630831e+00 2.644034136225123177e+00 3.954200873088905865e+01
5.456691656697013393e+00 2.440802889833483480e+00 4.194971746159249903e+01
4.527984401587259455e+00 1.856782528620894990e+00 4.435742619229593942e+01
3.487995476445320264e+00 1.589695933689979856e+00 4.676513492299937269e+01
2.905115546049430009e+00 2.046516757582870216e+00 4.917284365370281307e+01
3.456156233496119778e+00 1.071378507884990006e+00 5.158055238440625345e+01
3.927014430835749526e+00 1.657011704086761128e+00 5.398826111510968673e+01
5.137050265041372299e+00 2.609505277856370320e+00 5.639596984581312711e+01
7.363795879475931727e+00 3.401814128403878978e+00 5.880367857651656749e+01
8.030578684039117121e+00 3.689710437169478219e+00 6.121138730722000076e+01
4.605825433329459706e+00 6.633116192291919511e+00 1.018669039634040097e+00
5.490101357956587158e+00 6.011715099527486394e+00 3.426377770337478701e+00
4.957943973057644449e+00 6.319893035228434819e+00 5.834086501040917305e+00
5.356225839059849392e+00 5.803008314520510247e+00 8.241795231744355021e+00
5.068045536013372931e+00 5.983278121272786798e+00 1.064950396244779540e+01
5.104081354040612695e+00 6.026600768444622780e+00 1.305721269315123223e+01
5.629630581573775494e+00 5.899531346758317696e+00 1.546492142385467261e+01
5.501953354676260233e+00 6.459268169994583531e+00 1.787263015455810944e+01
6.091165259834433243e+00 6.272176004793877269e+00 2.028033888526154982e+01
6.071017520836500481e+00 6.873075497388478006e+00 2.268804761596499020e+01
6.470724327967360523e+00 7.042308985647084185e+00 2.509575634666842703e+01
6.064719106120957548e+00 7.904401613801502080e+00 2.750346507737186386e+01
6.854682770808747883e+00 6.834644142936202371e+00 2.991117380807530424e+01
5.990394308225564401e+00 7.592923309778563556e+00 3.231888253877874462e+01
5.739376506502379627e+00 7.229995708842410274e+00 3.472659126948217789e+01
5.512087113901287694e+00 6.428268294826910534e+00 3.713430000018561827e+01
5.000085996948490319e+00 5.685003905783020173e+00 3.954200873088905865e+01
4.398275491149292726e+00 4.990508019056765221e+00 4.194971746159249903e+01
3.655799960616542332e+00 3.873127105261595204e+00 4.435742619229593942e+01
3.255127283198009369e+00 2.883411744917639741e+00 4.676513492299937269e+01
2.591737780687199955e+00 3.791453148036040055e+00 4.917284365370281307e+01
2.972894433193676633e+00 2.923129927373446346e+00 5.158055238440625345e+01
3.416795719692792499e+00 4.073979037828602046e+00 5.398826111510968673e+01
4.420009613965375728e+00 5.317749717756337979e+00 5.639596984581312711e+01
5.843208573408374740e+00 6.793227050653688259e+00 5.880367857651656749e+01
6.095714265208140858e+00 7.171220420882083779e+00 6.121138730722000076e+01
1.820272139130130196e+00 8.625869703405641076e+00 1.018669039634040097e+00
2.735470152543676647e+00 8.077436457721757890e+00 3.426377770337478701e+00
2.394784004504499464e+00 8.533120677667421106e+00 5.834086501040917305e+00
2.873210619533033583e+00 8.055238445916563350e+00 8.241795231744355021e+00
2.662811251422417591e+00 8.296532015722105413e+00 1.064950396244779540e+01
2.426723235631615516e+00 8.718502881293730411e+00 1.305721269315123223e+01
2.614213773396818041e+00 8.987271671820515451e+00 1.546492142385467261e+01
3.042683898405518228e+00 9.148501379454778260e+00 1.787263015455810944e+01
2.669631573800657964e+00 1.010888668305602600e+01 2.028033888526154982e+01
3.108531915273702761e+00 1.031397885484805421e+01 2.268804761596499020e+01
3.298379407096609039e+00 1.077677672107857987e+01 2.509575634666842703e+01
3.235027044760941717e+00 1.143322743514977446e+01 2.750346507737186386e+01
3.519396160614638891e+00 1.135110742813317941e+01 2.991117380807530424e+01
3.241878886603587695e+00 1.159584902138652396e+01 3.231888253877874462e+01
3.113467269374323720e+00 1.133755039880906601e+01 3.472659126948217789e+01
3.153769238090427862e+00 1.062373545408916442e+01 3.713430000018561827e+01
2.618020355487721051e+00 1.058768266604202957e+01 3.954200873088905865e+01
2.519427481617048770e+00 9.321695362867227885e+00 4.194971746159249903e+01
2.186611326235169628e+00 8.341868624643701935e+00 4.435742619229593942e+01
1.871538911854935927e+00 7.780908073270746961e+00 4.676513492299937269e+01
1.738229947573985079e+00 7.400035931170175552e+00 4.917284365370281307e+01
1.827109257728812608e+00 7.613749890446554147e+00 5.158055238440625345e+01
2.239234180501207039e+00 8.141094500994745076e+00 5.398826111510968673e+01
2.581506342384018549e+00 9.077174658511143690e+00 5.639596984581312711e+01
3.183790552981784927e+00 9.448991023845033865e+00 5.880367857651656749e+01
3.100994176615817999e+00 9.716487565678455951e+00 6.121138730722000076e+01
-2.063366539444739800e+00 1.185221443560113208e+01 1.018669039634040097e+00
-1.820533133876547138e+00 1.215238299556238388e+01 3.426377770337478701e+00
-2.240142485428145314e+00 1.314608550205847415e+01 5.834086501040917305e+00
-2.743871457272081926e+00 1.396031106501261121e+01 8.241795231744355021e+00
-2.448914361466270062e+00 1.389875847046769053e+01 1.064950396244779540e+01
-2.487260748726634940e+00 1.422877296433619065e+01 1.305721269315123223e+01
-2.219285801717187034e+00 1.425420233639865408e+01 1.546492142385467261e+01
-1.895004233906148805e+00 1.434548728260906181e+01 1.787263015455810944e+01
-2.628240170616288118e+00 1.585730556512700673e+01 2.028033888526154982e+01
-2.475864143077109336e+00 1.664301193373217203e+01 2.268804761596499020e+01
-2.599562766098251654e+00 1.787363996695301083e+01 2.509575634666842703e+01
-2.871835891248940342e+00 1.917987698180742484e+01 2.750346507737186386e+01
-2.581931320661018159e+00 1.953557214415261356e+01 2.991117380807530424e+01
-3.326790398960790984e+00 2.068044791547160344e+01 3.231888253877874462e+01
-3.041450785355973796e+00 2.035570068687460932e+01 3.472659126948217789e+01
-2.577498842348524555e+00 1.957993224603580629e+01 3.713430000018561827e+01
-2.834753486376095033e+00 1.965010019485827897e+01 3.954200873088905865e+01
-2.200831384202995178e+00 1.843592349311577294e+01 4.194971746159249903e+01
-2.017772283048114623e+00 1.765832558030451693e+01 4.435742619229593942e+01
-1.987582620938550093e+00 1.674346155627686628e+01 4.676513492299937269e+01
-1.943229496640029641e+00 1.549362839173684137e+01 4.917284365370281307e+01
-1.808628902222852997e+00 1.412877318574530605e+01 5.158055238440625345e+01
-8.205741080672070975e-01 1.243997053946245046e+01 5.398826111510968673e+01
-1.524272227590913076e+00 1.192386483094010075e+01 5.639596984581312711e+01
-1.084543966192059061e+00 1.067452685955378833e+01 5.880367857651656749e+01
-8.837298720636119764e-01 1.037636714393856074e+01 6.121138730722000076e+01
-7.876690369101218003e+00 1.261079485994138061e+01 1.018669039634040097e+00
-9.472180942368147782e+00 1.629607676341840872e+01 3.426377770337478701e+00
-1.047438543000760269e+01 1.820353260216159441e+01 5.834086501040917305e+00
-1.137328893022358756e+01 1.952543646757414919e+01 8.241795231744355021e+00
-1.143420736614643651e+01 1.997944292383835219e+01 1.064950396244779540e+01
-1.220354205851853280e+01 2.056895702733610776e+01 1.305721269315123223e+01
-1.179465477592702172e+01 1.980456865737853533e+01 1.546492142385467261e+01
-1.105596479260840859e+01 1.819260580071816591e+01 1.787263015455810944e+01
-9.960239120645358213e+00 1.680494234999637015e+01 2.028033888526154982e+01
-9.835648018367715295e+00 1.721869220186573912e+01 2.268804761596499020e+01
-1.020837444112023285e+01 1.810582463712397683e+01 2.509575634666842703e+01
-1.066413589372506543e+01 1.868572953679256798e+01 2.750346507737186386e+01
-1.027155656043100862e+01 1.861600522027375959e+01 2.991117380807530424e+01
-1.017359864804564751e+01 1.871159792941884348e+01 3.231888253877874462e+01
-1.002049329295246238e+01 1.804058896751300622e+01 3.472659126948217789e+01
-1.005174543762369055e+01 1.737209318381074752e+01 3.713430000018561827e+01
-9.858178672943402887e+00 1.815093186608799058e+01 3.954200873088905865e+01
-9.735678528990726832e+00 1.755177889122668589e+01 4.194971746159249903e+01
-9.312685373084665486e+00 1.718080236891909252e+01 4.435742619229593942e+01
-8.919915870893014187e+00 1.587092572360623777e+01 4.676513492299937269e+01
-8.156525093171161700e+00 1.479751125020537650e+01 4.917284365370281307e+01
-7.480253983410263707e+00 1.316067396185144744e+01 5.158055238440625345e+01
-6.619681214199212071e+00 1.186885459696039113e+01 5.398826111510968673e+01
-6.062923556855442264e+00 1.031465872571601672e+01 5.639596984581312711e+01
-5.090794875165273403e+00 9.058854820019696774e+00 5.880367857651656749e+01
-5.084175621966167569e+00 8.740685871866473278e+00 6.121138730722000076e+01
-7.871960936092587069e+00 6.275453080247819670e+00 1.018669039634040097e+00
-1.086561492277273722e+01 8.589932650155065019e+00 3.426377770337478701e+00
-1.313774794987195094e+01 1.064599521114191560e+01 5.834086501040917305e+00
-1.435722648775049670e+01 1.154846530847182962e+01 8.241795231744355021e+00
-1.469260399877828682e+01 1.169845500031208552e+01 1.064950396244779540e+01
-1.389603283129503986e+01 1.101528541057073696e+01 1.305721269315123223e+01
-1.224105470091659953e+01 1.046364309902820899e+01 1.546492142385467261e+01
-9.815541956763670584e+00 8.262505773888625171e+00 1.787263015455810944e+01
-8.591197804768517798e+00 6.881772499498563178e+00 2.028033888526154982e+01
-8.730450023548796068e+00 7.047930127821742552e+00 2.268804761596499020e+01
-9.728675915422687837e+00 7.284171593416061796e+00 2.509575634666842703e+01
-1.042823627242205831e+01 7.433362341452512290e+00 2.750346507737186386e+01
-1.013425825454834417e+01 7.502967569654665603e+00 2.991117380807530424e+01
-9.949814946013589179e+00 7.390332235552405926e+00 3.231888253877874462e+01
-9.752129714956556228e+00 7.714685608537370953e+00 3.472659126948217789e+01
-9.739010762378217834e+00 7.253766180567993160e+00 3.713430000018561827e+01
-9.975523378479921988e+00 7.847221479264107735e+00 3.954200873088905865e+01
-1.030317580186524573e+01 7.761026049697750118e+00 4.194971746159249903e+01
-1.052492709949468264e+01 8.207849611118176014e+00 4.435742619229593942e+01
-1.057849454567213954e+01 7.832992867989001518e+00 4.676513492299937269e+01
-1.028707850859782447e+01 8.323953013310580573e+00 4.917284365370281307e+01
-1.008273559690575283e+01 7.169100208010467767e+00 5.158055238440625345e+01
-9.402648333087617161e+00 7.126138344249007162e+00 5.398826111510968673e+01
-8.594757571832886356e+00 6.681870670378454946e+00 5.639596984581312711e+01
-7.851021988226094095e+00 5.984199715657562813e+00 5.880367857651656749e+01
-7.897524028823350584e+00 5.400272931305249102e+00 6.121138730722000076e+01
-6.643012677086703732e+00 1.706647306253297192e+00 1.018669039634040097e+00
-9.208173873840081569e+00 2.472445673325815996e+00 3.426377770337478701e+00
-1.083908283891349278e+01 2.202333877245117311e+00 5.834086501040917305e+00
-1.254415887634234927e+01 3.164640772476960073e+00 8.241795231744355021e+00
-1.281077228246118160e+01 3.096973166094000529e+00 1.064950396244779540e+01
-1.202284068172781240e+01 2.771135701036487653e+00 1.305721269315123223e+01
-1.071492029299524340e+01 2.670794563896912610e+00 1.546492142385467261e+01
-9.634552824841087215e+00 2.172132438860574055e+00 1.787263015455810944e+01
-9.277872179497121508e+00 1.975329753921312825e+00 2.028033888526154982e+01
-9.757347804308851735e+00 2.036279220944784640e+00 2.268804761596499020e+01
-1.058356595076078932e+01 2.279103849559835027e+00 2.509575634666842703e+01
-1.101832242272246809e+01 1.991347386052481738e+00 2.750346507737186386e+01
-1.034297103195572731e+01 2.486700751333642767e+00 2.991117380807530424e+01
-9.982600870167804175e+00 1.937127447120952972e+00 3.231888253877874462e+01
-9.743630112533795185e+00 2.275878457963409041e+00 3.472659126948217789e+01
-9.672847095973049036e+00 2.223174776238141526e+00 3.713430000018561827e+01
-9.916638453803287234e+00 1.836635743272162724e+00 3.954200873088905865e+01
-1.034402024235734352e+01 2.491289123675984651e+00 4.194971746159249903e+01
-1.079027869473429924e+01 1.934986471214006798e+00 4.435742619229593942e+01
-1.104910397973654845e+01 2.740241236552314774e+00 4.676513492299937269e+01
-1.105739181093567147e+01 2.711797812168124544e+00 4.917284365370281307e+01
-1.106031801087466171e+01 2.007680314835107005e+00 5.158055238440625345e+01
-1.061599918202775505e+01 2.710643931577467303e+00 5.398826111510968673e+01
-1.029002957526183160e+01 1.903239871686818629e+00 5.639596984581312711e+01
-9.606505207550330994e+00 1.829064176943847597e+00 5.880367857651656749e+01
-9.413812096398743279e+00 1.479870962841905113e+00 6.121138730722000076e+01
-5.468927061785826993e+00 -1.008187240149551300e+00 1.018669039634040097e+00
-7.873869769269264296e+00 -1.228859824127781719e+00 3.426377770337478701e+00
-9.482010492855241779e+00 -1.869296528002136526e+00 5.834086501040917305e+00
-1.090065062149956532e+01 -1.796165165649328932e+00 8.241795231744355021e+00
-1.142954637263041739e+01 -2.675773938500748184e+00 1.064950396244779540e+01
-1.177408211162935636e+01 -2.832200308914389897e+00 1.305721269315123223e+01
-1.167360203874833502e+01 -2.347726160978740317e+00 1.546492142385467261e+01
-1.158263237720051819e+01 -2.825075416682364615e+00 1.787263015455810944e+01
-1.162020739062114849e+01 -2.839053639627745262e+00 2.028033888526154982e+01
-1.191265999725469982e+01 -2.974846854430579945e+00 2.268804761596499020e+01
-1.183901637859088218e+01 -2.221957711052532591e+00 2.509575634666842703e+01
-1.126978919684021641e+01 -2.762713850084603351e+00 2.750346507737186386e+01
-1.018998192315116214e+01 -2.234484174873389239e+00 2.991117380807530424e+01
-9.688173728028557363e+00 -2.349778045219548250e+00 3.231888253877874462e+01
-9.437776972271189280e+00 -1.863891191968149341e+00 3.472659126948217789e+01
-9.307938542145787864e+00 -2.204600466336751996e+00 3.713430000018561827e+01
-9.564620877545900512e+00 -2.169363269411936468e+00 3.954200873088905865e+01
-1.006211706092321556e+01 -2.157941254967900235e+00 4.194971746159249903e+01
-1.051048035771173517e+01 -2.433349163506289603e+00 4.435742619229593942e+01
-1.089534505672554410e+01 -2.006040617494711409e+00 4.676513492299937269e+01
-1.111518418259307062e+01 -2.366403440935631153e+00 4.917284365370281307e+01
-1.121695523588478061e+01 -2.139099504768926518e+00 5.158055238440625345e+01
-1.107454171599905024e+01 -2.615360569276656832e+00 5.398826111510968673e+01
-1.073855716677453920e+01 -2.842955354732720430e+00 5.639596984581312711e+01
-1.021312097049902512e+01 -2.802341940935933362e+00 5.880367857651656749e+01
-1.014597083237346631e+01 -2.789342686315478659e+00 6.121138730722000076e+01
