-7.175140639907896301e+00 -4.990992664378449462e+00 1.018669039634040097e+00
-1.025996791728247715e+01 -7.248573429069183227e+00 1.265853481366869104e+01
-9.284193712077579264e+00 -7.541633720318587031e+00 2.429840058770334466e+01
-8.103781817105597085e+00 -6.937630905771627887e+00 3.593826636173799471e+01
-9.339510705168846627e+00 -7.759727565985765629e+00 4.757813213577264833e+01
-9.359844103140765981e+00 -8.124585268432536367e+00 5.921799790980730194e+01
8.215171827076359179e+00 -1.361997422215002729e+01 1.018669039634040097e+00
7.314202601833771133e+00 -1.543716928637688213e+01 1.265853481366869104e+01
5.719719041294846207e+00 -1.514915274616969221e+01 2.429840058770334466e+01
4.178338532222667823e+00 -1.319123598735426661e+01 3.593826636173799471e+01
2.563150331766351542e+00 -1.099691463574675687e+01 4.757813213577264833e+01
2.171425972598028054e+00 -1.078669831263870371e+01 5.921799790980730194e+01
1.643543833815798649e+01 -5.396829631493591961e+00 1.018669039634040097e+00
1.609507183502942596e+01 -5.206295930585593368e+00 1.265853481366869104e+01
1.347898494717530404e+01 -2.921610187499597888e+00 2.429840058770334466e+01
9.123024797974803590e+00 -2.067009663767013450e+00 3.593826636173799471e+01
5.193573107517779341e+00 -4.888561532372044938e-01 4.757813213577264833e+01
5.699594337400478494e+00 -4.041922436340638081e-01 5.921799790980730194e+01
3.794029366130406977e-01 1.056681341372576100e+01 1.018669039634040097e+00
2.370580356320287907e-01 1.219440403847752918e+01 1.265853481366869104e+01
-3.215605952253063338e-01 1.597517435258615315e+01 2.429840058770334466e+01
-5.333213404120107359e-01 1.534772174656806243e+01 3.593826636173799471e+01
1.785122320238869131e-01 1.115946199293385988e+01 4.757813213577264833e+01
1.247409498417012541e+00 9.247154176727093500e+00 5.921799790980730194e+01
-1.110731923945692223e+01 1.184562069258806893e+01 1.018669039634040097e+00
-1.108267377615893068e+01 1.272807998152949693e+01 1.265853481366869104e+01
-1.023708125561038784e+01 1.240324845506727947e+01 2.429840058770334466e+01
-9.932386727516448133e+00 1.200034477105955233e+01 3.593826636173799471e+01
-8.909198959559518016e+00 8.938557186567951618e+00 4.757813213577264833e+01
-8.242340222737224664e+00 7.597072423222266835e+00 5.921799790980730194e+01
-7.175140639907896301e+00 -4.990992664378449462e+00 1.018669039634040097e+00
-1.025996791728247715e+01 -7.248573429069183227e+00 1.265853481366869104e+01
-9.284193712077579264e+00 -7.541633720318587031e+00 2.429840058770334466e+01
-8.103781817105597085e+00 -6.937630905771627887e+00 3.593826636173799471e+01
-9.339510705168846627e+00 -7.759727565985765629e+00 4.757813213577264833e+01
-9.359844103140765981e+00 -8.124585268432536367e+00 5.921799790980730194e+01
