  -4.5884811e+01  -5.2260895e+01   1.7892909e+03
  -4.5860867e+01  -4.9177261e+01   1.7862073e+03
  -4.5809639e+01  -4.6093628e+01   1.7831237e+03
  -4.5653275e+01  -5.2260895e+01   1.7923745e+03
  -4.5623253e+01  -4.9177261e+01   1.7831237e+03
  -4.5580082e+01  -4.9177261e+01   1.7892909e+03
  -4.5302788e+01  -5.2260895e+01   1.7862073e+03
  -4.5286533e+01  -5.5344528e+01   1.7923745e+03
  -4.5280224e+01  -4.6093628e+01   1.7800400e+03
  -4.5263832e+01  -4.6093628e+01   1.7862073e+03
  -4.5237755e+01  -4.3009995e+01   1.7800400e+03
  -4.5034840e+01  -5.2260895e+01   1.7954581e+03
  -4.4915421e+01  -5.5344528e+01   1.7954581e+03
  -4.4910568e+01  -4.3009995e+01   1.7831237e+03
  -4.4712650e+01  -4.9177261e+01   1.7923745e+03
  -4.4678074e+01  -5.5344528e+01   1.7892909e+03
  -4.4318230e+01  -5.5344528e+01   1.7985417e+03
  -4.4313080e+01  -4.6093628e+01   1.7892909e+03
  -4.4265141e+01  -3.9926361e+01   1.7800400e+03
  -4.4116142e+01  -5.2260895e+01   1.7985417e+03
  -4.4032600e+01  -5.2260895e+01   1.7831237e+03
  -4.3955055e+01  -4.3009995e+01   1.7769563e+03
  -4.3949791e+01  -4.3009995e+01   1.7862073e+03
  -4.3912483e+01  -4.9177261e+01   1.7800400e+03
  -4.3800743e+01  -4.9177261e+01   1.7954581e+03
  -4.3746254e+01  -5.5344528e+01   1.8016254e+03
  -4.3599777e+01  -3.9926361e+01   1.7769563e+03
  -4.3565643e+01  -3.9926361e+01   1.7831237e+03
  -4.3518570e+01  -5.8411312e+01   1.8016254e+03
  -4.3518570e+01  -5.8040474e+01   1.7923745e+03
  -4.3518570e+01  -5.7673409e+01   1.7954581e+03
  -4.3518570e+01  -5.7603962e+01   1.7985417e+03
  -4.3518570e+01  -5.6798752e+01   1.7892909e+03
  -4.3518570e+01  -5.5344528e+01   1.7871086e+03
  -4.3518570e+01  -5.5344528e+01   1.8025065e+03
  -4.3518570e+01  -5.4887566e+01   1.7862073e+03
  -4.3518570e+01  -5.4147404e+01   1.8016254e+03
  -4.3518570e+01  -5.2892273e+01   1.7831237e+03
  -4.3518570e+01  -5.2260895e+01   1.7822722e+03
  -4.3518570e+01  -5.2260895e+01   1.8003713e+03
  -4.3518570e+01  -5.0616211e+01   1.7985417e+03
  -4.3518570e+01  -4.9640152e+01   1.7800400e+03
  -4.3518570e+01  -4.9177261e+01   1.7797152e+03
  -4.3518570e+01  -4.9177261e+01   1.7965181e+03
  -4.3518570e+01  -4.8488678e+01   1.7954581e+03
  -4.3518570e+01  -4.6307289e+01   1.7923745e+03
  -4.3518570e+01  -4.6093628e+01   1.7776769e+03
  -4.3518570e+01  -4.6093628e+01   1.7920619e+03
  -4.3518570e+01  -4.4568829e+01   1.7769563e+03
  -4.3518570e+01  -4.4194374e+01   1.7892909e+03
  -4.3518570e+01  -4.3009995e+01   1.7765509e+03
  -4.3518570e+01  -4.3009995e+01   1.7875809e+03
  -4.3518570e+01  -4.1985973e+01   1.7862073e+03
  -4.3518570e+01  -3.9926361e+01   1.7768503e+03
  -4.3518570e+01  -3.9926361e+01   1.7833009e+03
  -4.3518570e+01  -3.9811047e+01   1.7831237e+03
  -4.3518570e+01  -3.9676014e+01   1.7769563e+03
  -4.3518570e+01  -3.8031086e+01   1.7800400e+03
  -4.3512749e+01  -5.8428162e+01   1.8016254e+03
  -4.3500633e+01  -5.8428162e+01   1.8047090e+03
  -4.3433784e+01  -4.6093628e+01   1.7923745e+03
  -4.3182266e+01  -5.8428162e+01   1.7923745e+03
  -4.3096596e+01  -5.5344528e+01   1.8047090e+03
  -4.3095844e+01  -3.6842728e+01   1.7800400e+03
  -4.3095181e+01  -5.8428162e+01   1.7985417e+03
  -4.3082943e+01  -5.2260895e+01   1.8016254e+03
  -4.3045647e+01  -5.8428162e+01   1.7954581e+03
  -4.3034088e+01  -4.3009995e+01   1.7892909e+03
  -4.3008904e+01  -5.8428162e+01   1.8077927e+03
  -4.3006599e+01  -5.5344528e+01   1.7862073e+03
  -4.2944195e+01  -4.9177261e+01   1.7985417e+03
  -4.2655022e+01  -3.9926361e+01   1.7862073e+03
  -4.2575317e+01  -3.6842728e+01   1.7769563e+03
  -4.2538143e+01  -4.6093628e+01   1.7954581e+03
  -4.2493935e+01  -5.8428162e+01   1.8108763e+03
  -4.2292320e+01  -3.6842728e+01   1.7831237e+03
  -4.2269424e+01  -5.5344528e+01   1.8077927e+03
  -4.2243477e+01  -4.6093628e+01   1.7769563e+03
  -4.2237682e+01  -5.2260895e+01   1.8047090e+03
  -4.2120716e+01  -4.3009995e+01   1.7923745e+03
  -4.2098793e+01  -5.8428162e+01   1.7892909e+03
  -4.2032387e+01  -4.9177261e+01   1.8016254e+03
  -4.1855255e+01  -5.8428162e+01   1.8139600e+03
  -4.1755341e+01  -6.1511795e+01   1.8047090e+03
  -4.1697945e+01  -3.9926361e+01   1.7892909e+03
  -4.1610741e+01  -4.6093628e+01   1.7985417e+03
  -4.1587898e+01  -3.3759094e+01   1.7800400e+03
  -4.1577259e+01  -6.1511795e+01   1.8077927e+03
  -4.1501801e+01  -5.5344528e+01   1.8108763e+03
  -4.1388969e+01  -5.2260895e+01   1.8077927e+03
  -4.1358147e+01  -3.6842728e+01   1.7862073e+03
  -4.1217972e+01  -4.3009995e+01   1.7954581e+03
  -4.1156254e+01  -5.5344528e+01   1.8139600e+03
  -4.1142536e+01  -4.9177261e+01   1.8047090e+03
  -4.1010521e+01  -6.1511795e+01   1.8016254e+03
  -4.0973240e+01  -3.3759094e+01   1.7831237e+03
  -4.0927429e+01  -6.1511795e+01   1.7985417e+03
  -4.0884560e+01  -5.8428162e+01   1.8170436e+03
  -4.0823112e+01  -3.9926361e+01   1.7923745e+03
  -4.0781006e+01  -5.5344528e+01   1.7831237e+03
  -4.0755825e+01  -4.6093628e+01   1.8016254e+03
  -4.0719563e+01  -5.5344528e+01   1.8170436e+03
  -4.0709106e+01  -3.3759094e+01   1.7769563e+03
  -4.0654320e+01  -6.1511795e+01   1.7954581e+03
  -4.0553444e+01  -6.1511795e+01   1.8108763e+03
  -4.0485363e+01  -3.6842728e+01   1.7892909e+03
  -4.0434937e+01  -6.2231369e+01   1.8047090e+03
  -4.0434937e+01  -6.2197174e+01   1.8077927e+03
  -4.0434937e+01  -6.1960114e+01   1.7985417e+03
  -4.0434937e+01  -6.1798965e+01   1.8016254e+03
  -4.0434937e+01  -6.1701897e+01   1.7954581e+03
  -4.0434937e+01  -6.1579384e+01   1.8108763e+03
  -4.0434937e+01  -6.1511795e+01   1.7948167e+03
  -4.0434937e+01  -6.1511795e+01   1.8112316e+03
  -4.0434937e+01  -6.0993690e+01   1.7923745e+03
  -4.0434937e+01  -6.0653416e+01   1.8139600e+03
  -4.0434937e+01  -5.9960167e+01   1.7892909e+03
  -4.0434937e+01  -5.8993450e+01   1.8170436e+03
  -4.0434937e+01  -5.8428162e+01   1.7871306e+03
  -4.0434937e+01  -5.8428162e+01   1.8181836e+03
  -4.0434937e+01  -5.7614197e+01   1.7862073e+03
  -4.0434937e+01  -5.5575352e+01   1.7831237e+03
  -4.0434937e+01  -5.5344528e+01   1.7828053e+03
  -4.0434937e+01  -5.5344528e+01   1.8183718e+03
  -4.0434937e+01  -5.4962349e+01   1.8170436e+03
  -4.0434937e+01  -5.4324337e+01   1.8139600e+03
  -4.0434937e+01  -5.2519737e+01   1.8108763e+03
  -4.0434937e+01  -5.2260895e+01   1.7800955e+03
  -4.0434937e+01  -5.2260895e+01   1.8107743e+03
  -4.0434937e+01  -5.2178589e+01   1.7800400e+03
  -4.0434937e+01  -4.9294964e+01   1.8077927e+03
  -4.0434937e+01  -4.9177261e+01   1.7782125e+03
  -4.0434937e+01  -4.9177261e+01   1.8075696e+03
  -4.0434937e+01  -4.7340492e+01   1.8047090e+03
  -4.0434937e+01  -4.7147308e+01   1.7769563e+03
  -4.0434937e+01  -4.6093628e+01   1.7763044e+03
  -4.0434937e+01  -4.6093628e+01   1.8028715e+03
  -4.0434937e+01  -4.5240585e+01   1.8016254e+03
  -4.0434937e+01  -4.3074833e+01   1.7985417e+03
  -4.0434937e+01  -4.3009995e+01   1.7754235e+03
  -4.0434937e+01  -4.3009995e+01   1.7984474e+03
  -4.0434937e+01  -4.0986618e+01   1.7954581e+03
  -4.0434937e+01  -3.9926361e+01   1.7754547e+03
  -4.0434937e+01  -3.9926361e+01   1.7938584e+03
  -4.0434937e+01  -3.8916790e+01   1.7923745e+03
  -4.0434937e+01  -3.6842728e+01   1.7755120e+03
  -4.0434937e+01  -3.6842728e+01   1.7894869e+03
  -4.0434937e+01  -3.6710033e+01   1.7892909e+03
  -4.0434937e+01  -3.4358532e+01   1.7862073e+03
  -4.0434937e+01  -3.3759094e+01   1.7767427e+03
  -4.0434937e+01  -3.3759094e+01   1.7853387e+03
  -4.0434937e+01  -3.3583477e+01   1.7769563e+03
  -4.0434937e+01  -3.2648914e+01   1.7831237e+03
  -4.0434937e+01  -3.2352894e+01   1.7800400e+03
  -4.0411057e+01  -4.3009995e+01   1.7985417e+03
  -4.0404896e+01  -5.2260895e+01   1.8108763e+03
  -4.0385181e+01  -4.9177261e+01   1.8077927e+03
  -4.0319649e+01  -5.2260895e+01   1.7800400e+03
  -4.0218491e+01  -3.3759094e+01   1.7862073e+03
  -4.0028114e+01  -3.9926361e+01   1.7954581e+03
  -3.9957405e+01  -4.6093628e+01   1.8047090e+03
  -3.9850330e+01  -5.5344528e+01   1.8201272e+03
  -3.9656990e+01  -5.8428162e+01   1.8201272e+03
  -3.9638382e+01  -3.6842728e+01   1.7923745e+03
  -3.9618149e+01  -5.2260895e+01   1.8139600e+03
  -3.9614357e+01  -6.1511795e+01   1.7923745e+03
  -3.9586952e+01  -4.3009995e+01   1.8016254e+03
  -3.9569031e+01  -5.8428162e+01   1.7862073e+03
  -3.9562881e+01  -4.9177261e+01   1.8108763e+03
  -3.9441685e+01  -3.0675461e+01   1.7831237e+03
  -3.9297943e+01  -3.3759094e+01   1.7892909e+03
  -3.9220364e+01  -6.1511795e+01   1.8139600e+03
  -3.9171650e+01  -3.9926361e+01   1.7985417e+03
  -3.9076927e+01  -4.6093628e+01   1.8077927e+03
  -3.9024822e+01  -3.0675461e+01   1.7800400e+03
  -3.8984875e+01  -5.2260895e+01   1.8170436e+03
  -3.8940239e+01  -3.0675461e+01   1.7862073e+03
  -3.8846199e+01  -5.5344528e+01   1.8232108e+03
  -3.8723846e+01  -3.6842728e+01   1.7954581e+03
  -3.8665825e+01  -4.3009995e+01   1.8047090e+03
  -3.8628841e+01  -4.9177261e+01   1.8139600e+03
  -3.8363506e+01  -5.8428162e+01   1.8232108e+03
  -3.8345474e+01  -3.3759094e+01   1.7923745e+03
  -3.8261353e+01  -3.9926361e+01   1.8016254e+03
  -3.8184601e+01  -5.2260895e+01   1.8201272e+03
  -3.8183861e+01  -4.6093628e+01   1.8108763e+03
  -3.8088097e+01  -3.0675461e+01   1.7892909e+03
  -3.7855091e+01  -6.1511795e+01   1.7892909e+03
  -3.7855057e+01  -3.6842728e+01   1.7985417e+03
  -3.7798698e+01  -4.3009995e+01   1.8077927e+03
  -3.7763783e+01  -5.5344528e+01   1.8262944e+03
  -3.7735115e+01  -4.9177261e+01   1.8170436e+03
  -3.7729111e+01  -6.1511795e+01   1.8170436e+03
  -3.7526054e+01  -3.3759094e+01   1.7954581e+03
  -3.7420502e+01  -3.9926361e+01   1.8047090e+03
  -3.7364292e+01  -4.6093628e+01   1.8139600e+03
  -3.7351303e+01  -6.3546227e+01   1.8077927e+03
  -3.7351303e+01  -6.3443069e+01   1.7985417e+03
  -3.7351303e+01  -6.3378960e+01   1.7954581e+03
  -3.7351303e+01  -6.3252571e+01   1.8047090e+03
  -3.7351303e+01  -6.3206703e+01   1.8108763e+03
  -3.7351303e+01  -6.3008682e+01   1.8016254e+03
  -3.7351303e+01  -6.2689621e+01   1.7923745e+03
  -3.7351303e+01  -6.2548813e+01   1.8139600e+03
  -3.7351303e+01  -6.1793560e+01   1.8170436e+03
  -3.7351303e+01  -6.1751205e+01   1.7892909e+03
  -3.7351303e+01  -6.1511795e+01   1.7887415e+03
  -3.7351303e+01  -6.1511795e+01   1.8180472e+03
  -3.7351303e+01  -6.0892845e+01   1.8201272e+03
  -3.7351303e+01  -6.0005920e+01   1.7862073e+03
  -3.7351303e+01  -5.9501984e+01   1.8232108e+03
  -3.7351303e+01  -5.8428162e+01   1.7840814e+03
  -3.7351303e+01  -5.8428162e+01   1.8251812e+03
  -3.7351303e+01  -5.7801014e+01   1.8262944e+03
  -3.7351303e+01  -5.7713634e+01   1.7831237e+03
  -3.7351303e+01  -5.5344528e+01   1.7806011e+03
  -3.7351303e+01  -5.5344528e+01   1.8274141e+03
  -3.7351303e+01  -5.4652855e+01   1.7800400e+03
  -3.7351303e+01  -5.3929329e+01   1.8262944e+03
  -3.7351303e+01  -5.2389580e+01   1.8232108e+03
  -3.7351303e+01  -5.2260895e+01   1.7786931e+03
  -3.7351303e+01  -5.2260895e+01   1.8229308e+03
  -3.7351303e+01  -5.0608589e+01   1.8201272e+03
  -3.7351303e+01  -4.9177261e+01   1.7772842e+03
  -3.7351303e+01  -4.9177261e+01   1.8183762e+03
  -3.7351303e+01  -4.8677666e+01   1.7769563e+03
  -3.7351303e+01  -4.8186131e+01   1.8170436e+03
  -3.7351303e+01  -4.6093628e+01   1.7756626e+03
  -3.7351303e+01  -4.6093628e+01   1.8140115e+03
  -3.7351303e+01  -4.6058929e+01   1.8139600e+03
  -3.7351303e+01  -4.3897335e+01   1.8108763e+03
  -3.7351303e+01  -4.3009995e+01   1.7754355e+03
  -3.7351303e+01  -4.3009995e+01   1.8095702e+03
  -3.7351303e+01  -4.1829971e+01   1.8077927e+03
  -3.7351303e+01  -3.9926361e+01   1.7753328e+03
  -3.7351303e+01  -3.9926361e+01   1.8049811e+03
  -3.7351303e+01  -3.9741714e+01   1.8047090e+03
  -3.7351303e+01  -3.7591251e+01   1.8016254e+03
  -3.7351303e+01  -3.6842728e+01   1.7751727e+03
  -3.7351303e+01  -3.6842728e+01   1.8005024e+03
  -3.7351303e+01  -3.5521130e+01   1.7985417e+03
  -3.7351303e+01  -3.3759094e+01   1.7758528e+03
  -3.7351303e+01  -3.3759094e+01   1.7961465e+03
  -3.7351303e+01  -3.3263733e+01   1.7954581e+03
  -3.7351303e+01  -3.1827625e+01   1.7769563e+03
  -3.7351303e+01  -3.1044189e+01   1.7923745e+03
  -3.7351303e+01  -3.0675461e+01   1.7779053e+03
  -3.7351303e+01  -3.0675461e+01   1.7918857e+03
  -3.7351303e+01  -2.8863976e+01   1.7892909e+03
  -3.7351303e+01  -2.8836376e+01   1.7800400e+03
  -3.7351303e+01  -2.7680756e+01   1.7862073e+03
  -3.7351303e+01  -2.7645767e+01   1.7831237e+03
  -3.7294998e+01  -2.7591827e+01   1.7831237e+03
  -3.7290924e+01  -2.7591827e+01   1.7862073e+03
  -3.7262810e+01  -5.2260895e+01   1.8232108e+03
  -3.7224731e+01  -3.0675461e+01   1.7923745e+03
  -3.7062134e+01  -3.6842728e+01   1.8016254e+03
  -3.7014606e+01  -4.3009995e+01   1.8108763e+03
  -3.6839764e+01  -5.8428162e+01   1.8262944e+03
  -3.6761826e+01  -4.9177261e+01   1.8201272e+03
  -3.6708382e+01  -3.3759094e+01   1.7985417e+03
  -3.6679523e+01  -2.7591827e+01   1.7892909e+03
  -3.6611320e+01  -3.9926361e+01   1.8077927e+03
  -3.6526722e+01  -4.6093628e+01   1.8170436e+03
  -3.6483971e+01  -6.1511795e+01   1.8201272e+03
  -3.6420891e+01  -5.5344528e+01   1.8293782e+03
  -3.6359291e+01  -3.0675461e+01   1.7954581e+03
  -3.6344208e+01  -4.9177261e+01   1.7769563e+03
  -3.6321236e+01  -5.2260895e+01   1.8262944e+03
  -3.6200466e+01  -3.6842728e+01   1.8047090e+03
  -3.6124016e+01  -4.3009995e+01   1.8139600e+03
  -3.6112064e+01  -5.5344528e+01   1.7800400e+03
  -3.5899014e+01  -5.8428162e+01   1.7831237e+03
  -3.5855766e+01  -2.7591827e+01   1.7923745e+03
  -3.5789402e+01  -3.0675461e+01   1.7769563e+03
  -3.5789330e+01  -3.3759094e+01   1.8016254e+03
  -3.5720741e+01  -3.9926361e+01   1.8108763e+03
  -3.5492699e+01  -4.6093628e+01   1.8201272e+03
  -3.5465763e+01  -4.9177261e+01   1.8232108e+03
  -3.5425526e+01  -3.0675461e+01   1.7985417e+03
  -3.5365757e+01  -5.2260895e+01   1.8293782e+03
  -3.5354939e+01  -2.7591827e+01   1.7800400e+03
  -3.5292843e+01  -3.6842728e+01   1.8077927e+03
  -3.5216442e+01  -4.3009995e+01   1.8170436e+03
  -3.5002991e+01  -2.7591827e+01   1.7954581e+03
  -3.4937111e+01  -5.5344528e+01   1.8324618e+03
  -3.4893082e+01  -3.3759094e+01   1.8047090e+03
  -3.4802925e+01  -3.9926361e+01   1.8139600e+03
  -3.4694637e+01  -5.8428162e+01   1.8293782e+03
  -3.4642925e+01  -6.1511795e+01   1.8232108e+03
  -3.4572029e+01  -6.4595428e+01   1.8077927e+03
  -3.4541126e+01  -5.2260895e+01   1.8324618e+03
  -3.4525230e+01  -3.6842728e+01   1.8540471e+03
  -3.4518028e+01  -3.0675461e+01   1.8016254e+03
  -3.4471497e+01  -3.6842728e+01   1.8108763e+03
  -3.4267670e+01  -6.4728523e+01   1.8077927e+03
  -3.4267670e+01  -6.4595428e+01   1.8059974e+03
  -3.4267670e+01  -6.4595428e+01   1.8105017e+03
  -3.4267670e+01  -6.4539017e+01   1.8108763e+03
  -3.4267670e+01  -6.4428185e+01   1.8047090e+03
  -3.4267670e+01  -6.4128052e+01   1.8139600e+03
  -3.4267670e+01  -6.4041634e+01   1.7954581e+03
  -3.4267670e+01  -6.3941223e+01   1.8016254e+03
  -3.4267670e+01  -6.3883522e+01   1.7985417e+03
  -3.4267670e+01  -6.3737965e+01   1.7923745e+03
  -3.4267670e+01  -6.3560127e+01   1.8170436e+03
  -3.4267670e+01  -6.2795357e+01   1.7892909e+03
  -3.4267670e+01  -6.2624245e+01   1.8201272e+03
  -3.4267670e+01  -6.1740341e+01   1.8232108e+03
  -3.4267670e+01  -6.1511795e+01   1.7866345e+03
  -3.4267670e+01  -6.1511795e+01   1.8239530e+03
  -3.4267670e+01  -6.1261620e+01   1.7862073e+03
  -3.4267670e+01  -6.0519379e+01   1.8262944e+03
  -3.4267670e+01  -5.8992943e+01   1.7831237e+03
  -3.4267670e+01  -5.8786415e+01   1.8293782e+03
  -3.4267670e+01  -5.8428162e+01   1.7824489e+03
  -3.4267670e+01  -5.8428162e+01   1.8299366e+03
  -3.4267670e+01  -5.6806007e+01   1.8324618e+03
  -3.4267670e+01  -5.5958599e+01   1.7800400e+03
  -3.4267670e+01  -5.5344528e+01   1.7795737e+03
  -3.4267670e+01  -5.5344528e+01   1.8343226e+03
  -3.4267670e+01  -5.2260895e+01   1.7777335e+03
  -3.4267670e+01  -5.2260895e+01   1.8338374e+03
  -3.4267670e+01  -5.1849270e+01   1.8324618e+03
  -3.4267670e+01  -5.1058784e+01   1.8293782e+03
  -3.4267670e+01  -5.0356705e+01   1.7769563e+03
  -3.4267670e+01  -4.9690056e+01   1.8262944e+03
  -3.4267670e+01  -4.9177261e+01   1.7764948e+03
  -3.4267670e+01  -4.9177261e+01   1.8256091e+03
  -3.4267670e+01  -4.7010960e+01   1.8232108e+03
  -3.4267670e+01  -4.6093628e+01   1.7752914e+03
  -3.4267670e+01  -4.6093628e+01   1.8221696e+03
  -3.4267670e+01  -4.3758175e+01   1.8201272e+03
  -3.4267670e+01  -4.3009995e+01   1.7751356e+03
  -3.4267670e+01  -4.3009995e+01   1.8195795e+03
  -3.4267670e+01  -4.0756039e+01   1.8170436e+03
  -3.4267670e+01  -3.9926361e+01   1.7752068e+03
  -3.4267670e+01  -3.9926361e+01   1.8157637e+03
  -3.4267670e+01  -3.9007908e+01   1.8540471e+03
  -3.4267670e+01  -3.8529438e+01   1.8139600e+03
  -3.4267670e+01  -3.6842728e+01   1.7750566e+03
  -3.4267670e+01  -3.6842728e+01   1.8117220e+03
  -3.4267670e+01  -3.6842728e+01   1.8521666e+03
  -3.4267670e+01  -3.6842728e+01   1.8558042e+03
  -3.4267670e+01  -3.6322796e+01   1.8108763e+03
  -3.4267670e+01  -3.4288689e+01   1.8540471e+03
  -3.4267670e+01  -3.4242306e+01   1.8077927e+03
  -3.4267670e+01  -3.3759094e+01   1.7753867e+03
  -3.4267670e+01  -3.3759094e+01   1.8070660e+03
  -3.4267670e+01  -3.2156780e+01   1.8047090e+03
  -3.4267670e+01  -3.0675461e+01   1.7764027e+03
  -3.4267670e+01  -3.0675461e+01   1.8025685e+03
  -3.4267670e+01  -3.0041241e+01   1.8016254e+03
  -3.4267670e+01  -2.9877254e+01   1.7769563e+03
  -3.4267670e+01  -2.7736740e+01   1.7985417e+03
  -3.4267670e+01  -2.7591827e+01   1.7794520e+03
  -3.4267670e+01  -2.7591827e+01   1.7983080e+03
  -3.4267670e+01  -2.7090271e+01   1.7800400e+03
  -3.4267670e+01  -2.6166855e+01   1.7954581e+03
  -3.4267670e+01  -2.5381981e+01   1.7923745e+03
  -3.4267670e+01  -2.5362953e+01   1.7831237e+03
  -3.4267670e+01  -2.5046761e+01   1.7892909e+03
  -3.4267670e+01  -2.4998199e+01   1.7862073e+03
  -3.4218243e+01  -2.7591827e+01   1.7985417e+03
  -3.4138630e+01  -3.9926361e+01   1.8540471e+03
  -3.4100201e+01  -6.4595428e+01   1.8108763e+03
  -3.4081284e+01  -3.3759094e+01   1.8077927e+03
  -3.4071877e+01  -3.3759094e+01   1.8540471e+03
  -3.3958744e+01  -6.4595428e+01   1.8047090e+03
  -3.3953438e+01  -3.6842728e+01   1.8509635e+03
  -3.3899307e+01  -4.3009995e+01   1.8201272e+03
  -3.3899147e+01  -3.9926361e+01   1.8170436e+03
  -3.3888557e+01  -5.2260895e+01   1.8355454e+03
  -3.3869804e+01  -4.9177261e+01   1.8262944e+03
  -3.3723419e+01  -5.5344528e+01   1.8355454e+03
  -3.3685364e+01  -3.0675461e+01   1.8047090e+03
  -3.3659897e+01  -3.6842728e+01   1.8139600e+03
  -3.3653305e+01  -3.9926361e+01   1.8509635e+03
  -3.3612442e+01  -3.3759094e+01   1.8509635e+03
  -3.3378601e+01  -2.4508194e+01   1.7892909e+03
  -3.3370354e+01  -4.6093628e+01   1.8232108e+03
  -3.3352371e+01  -3.3759094e+01   1.8108763e+03
  -3.3300026e+01  -3.9926361e+01   1.8571309e+03
  -3.3202198e+01  -2.7591827e+01   1.8016254e+03
  -3.3185154e+01  -2.4508194e+01   1.7862073e+03
  -3.3158615e+01  -4.3009995e+01   1.8540471e+03
  -3.3125107e+01  -2.4508194e+01   1.7923745e+03
  -3.3106033e+01  -3.6842728e+01   1.8571309e+03
  -3.2971107e+01  -3.0675461e+01   1.8540471e+03
  -3.2918781e+01  -6.1511795e+01   1.7862073e+03
  -3.2880939e+01  -6.4595428e+01   1.8139600e+03
  -3.2806629e+01  -5.8428162e+01   1.8324618e+03
  -3.2748978e+01  -6.1511795e+01   1.8262944e+03
  -3.2695393e+01  -3.6842728e+01   1.8170436e+03
  -3.2670059e+01  -4.3009995e+01   1.8509635e+03
  -3.2668625e+01  -3.0675461e+01   1.8509635e+03
  -3.2624962e+01  -2.4508194e+01   1.7954581e+03
  -3.2440418e+01  -3.0675461e+01   1.8077927e+03
  -3.2424484e+01  -5.2260895e+01   1.8386290e+03
  -3.2325821e+01  -4.3009995e+01   1.8571309e+03
  -3.2292397e+01  -3.3759094e+01   1.8139600e+03
  -3.2247780e+01  -2.4508194e+01   1.7831237e+03
  -3.2179550e+01  -4.9177261e+01   1.8293782e+03
  -3.2005634e+01  -3.9926361e+01   1.8201272e+03
  -3.1931519e+01  -3.6842728e+01   1.8478799e+03
  -3.1907108e+01  -3.9926361e+01   1.8478799e+03
  -3.1730988e+01  -2.7591827e+01   1.8509635e+03
  -3.1726624e+01  -4.9177261e+01   1.8355454e+03
  -3.1576126e+01  -4.9177261e+01   1.8324618e+03
  -3.1522522e+01  -4.9177261e+01   1.8386290e+03
  -3.1407051e+01  -3.3759094e+01   1.8478799e+03
  -3.1296299e+01  -6.4595428e+01   1.8016254e+03
  -3.1209572e+01  -4.3009995e+01   1.8478799e+03
  -3.1184036e+01  -6.5565689e+01   1.8077927e+03
  -3.1184036e+01  -6.5388481e+01   1.8108763e+03
  -3.1184036e+01  -6.5337997e+01   1.8047090e+03
  -3.1184036e+01  -6.4842209e+01   1.8139600e+03
  -3.1184036e+01  -6.4613907e+01   1.8016254e+03
  -3.1184036e+01  -6.4595428e+01   1.8015577e+03
  -3.1184036e+01  -6.4595428e+01   1.8150714e+03
  -3.1184036e+01  -6.4293396e+01   1.8170436e+03
  -3.1184036e+01  -6.4218887e+01   1.7954581e+03
  -3.1184036e+01  -6.4173386e+01   1.7985417e+03
  -3.1184036e+01  -6.4018875e+01   1.7923745e+03
  -3.1184036e+01  -6.3803619e+01   1.8201272e+03
  -3.1184036e+01  -6.3211517e+01   1.8232108e+03
  -3.1184036e+01  -6.3109989e+01   1.7892909e+03
  -3.1184036e+01  -6.2240459e+01   1.8262944e+03
  -3.1184036e+01  -6.1671371e+01   1.7862073e+03
  -3.1184036e+01  -6.1511795e+01   1.7858997e+03
  -3.1184036e+01  -6.1511795e+01   1.8280278e+03
  -3.1184036e+01  -6.1013519e+01   1.8293782e+03
  -3.1184036e+01  -5.9734730e+01   1.8324618e+03
  -3.1184036e+01  -5.9646847e+01   1.7831237e+03
  -3.1184036e+01  -5.8428162e+01   1.7816494e+03
  -3.1184036e+01  -5.8428162e+01   1.8347920e+03
  -3.1184036e+01  -5.7861282e+01   1.8355454e+03
  -3.1184036e+01  -5.6679951e+01   1.7800400e+03
  -3.1184036e+01  -5.5344528e+01   1.7790867e+03
  -3.1184036e+01  -5.5344528e+01   1.8383093e+03
  -3.1184036e+01  -5.4939163e+01   1.8386290e+03
  -3.1184036e+01  -5.2260895e+01   1.7771801e+03
  -3.1184036e+01  -5.2260895e+01   1.8401360e+03
  -3.1184036e+01  -5.1780754e+01   1.7769563e+03
  -3.1184036e+01  -4.9177261e+01   1.7760520e+03
  -3.1184036e+01  -4.9177261e+01   1.8400524e+03
  -3.1184036e+01  -4.8875118e+01   1.8324618e+03
  -3.1184036e+01  -4.8486889e+01   1.8355454e+03
  -3.1184036e+01  -4.8434376e+01   1.8293782e+03
  -3.1184036e+01  -4.8368572e+01   1.8386290e+03
  -3.1184036e+01  -4.6642639e+01   1.8262944e+03
  -3.1184036e+01  -4.6093628e+01   1.7750796e+03
  -3.1184036e+01  -4.6093628e+01   1.8255616e+03
  -3.1184036e+01  -4.5705505e+01   1.8540471e+03
  -3.1184036e+01  -4.5180725e+01   1.8509635e+03
  -3.1184036e+01  -4.4996941e+01   1.8571309e+03
  -3.1184036e+01  -4.3961407e+01   1.8232108e+03
  -3.1184036e+01  -4.3077557e+01   1.8478799e+03
  -3.1184036e+01  -4.3009995e+01   1.7744570e+03
  -3.1184036e+01  -4.3009995e+01   1.8225482e+03
  -3.1184036e+01  -4.3009995e+01   1.8478298e+03
  -3.1184036e+01  -4.3009995e+01   1.8590944e+03
  -3.1184036e+01  -3.9926361e+01   1.7746162e+03
  -3.1184036e+01  -3.9926361e+01   1.8206152e+03
  -3.1184036e+01  -3.9926361e+01   1.8468053e+03
  -3.1184036e+01  -3.9926361e+01   1.8589934e+03
  -3.1184036e+01  -3.9042809e+01   1.8201272e+03
  -3.1184036e+01  -3.6842728e+01   1.7746406e+03
  -3.1184036e+01  -3.6842728e+01   1.8193632e+03
  -3.1184036e+01  -3.6842728e+01   1.8470864e+03
  -3.1184036e+01  -3.6842728e+01   1.8577377e+03
  -3.1184036e+01  -3.5233292e+01   1.8571309e+03
  -3.1184036e+01  -3.3791000e+01   1.8170436e+03
  -3.1184036e+01  -3.3759094e+01   1.7747015e+03
  -3.1184036e+01  -3.3759094e+01   1.8168950e+03
  -3.1184036e+01  -3.3759094e+01   1.8476571e+03
  -3.1184036e+01  -3.3759094e+01   1.8565874e+03
  -3.1184036e+01  -3.2776604e+01   1.8139600e+03
  -3.1184036e+01  -3.2759129e+01   1.8478799e+03
  -3.1184036e+01  -3.1479816e+01   1.8108763e+03
  -3.1184036e+01  -3.0675461e+01   1.7758375e+03
  -3.1184036e+01  -3.0675461e+01   1.8087484e+03
  -3.1184036e+01  -3.0675461e+01   1.8485459e+03
  -3.1184036e+01  -3.0675461e+01   1.8553838e+03
  -3.1184036e+01  -3.0274868e+01   1.8077927e+03
  -3.1184036e+01  -2.9076763e+01   1.7769563e+03
  -3.1184036e+01  -2.8748272e+01   1.8047090e+03
  -3.1184036e+01  -2.7823547e+01   1.8540471e+03
  -3.1184036e+01  -2.7591827e+01   1.7783566e+03
  -3.1184036e+01  -2.7591827e+01   1.8028209e+03
  -3.1184036e+01  -2.7591827e+01   1.8499038e+03
  -3.1184036e+01  -2.7591827e+01   1.8539230e+03
  -3.1184036e+01  -2.6752731e+01   1.8016254e+03
  -3.1184036e+01  -2.6109741e+01   1.8509635e+03
  -3.1184036e+01  -2.6023811e+01   1.7800400e+03
  -3.1184036e+01  -2.4825371e+01   1.7985417e+03
  -3.1184036e+01  -2.4508194e+01   1.7824686e+03
  -3.1184036e+01  -2.4508194e+01   1.7978408e+03
  -3.1184036e+01  -2.4287071e+01   1.7831237e+03
  -3.1184036e+01  -2.3915001e+01   1.7954581e+03
  -3.1184036e+01  -2.3876282e+01   1.7862073e+03
  -3.1184036e+01  -2.3761139e+01   1.7892909e+03
  -3.1184036e+01  -2.3672874e+01   1.7923745e+03
  -3.1158356e+01  -3.3759094e+01   1.8170436e+03
  -3.0893867e+01  -2.7591827e+01   1.8540471e+03
  -3.0781010e+01  -3.0675461e+01   1.8478799e+03
  -3.0779915e+01  -4.6093628e+01   1.8540471e+03
  -3.0681229e+01  -5.5344528e+01   1.8386290e+03
  -3.0476925e+01  -4.6093628e+01   1.8262944e+03
  -3.0420361e+01  -4.9177261e+01   1.8417126e+03
  -3.0402267e+01  -2.4508194e+01   1.8509635e+03
  -3.0354347e+01  -4.6093628e+01   1.8386290e+03
  -3.0349003e+01  -4.3009995e+01   1.8232108e+03
  -3.0279350e+01  -4.6093628e+01   1.8509635e+03
  -3.0254093e+01  -6.1511795e+01   1.8293782e+03
  -3.0222351e+01  -5.8428162e+01   1.8355454e+03
  -3.0214134e+01  -4.3009995e+01   1.8447963e+03
  -3.0200172e+01  -4.6093628e+01   1.8571309e+03
  -3.0185547e+01  -2.7591827e+01   1.8478799e+03
  -3.0162724e+01  -3.9926361e+01   1.8447963e+03
  -3.0143345e+01  -4.6093628e+01   1.8417126e+03
  -3.0002567e+01  -3.0675461e+01   1.8077927e+03
  -2.9949215e+01  -4.3009995e+01   1.8602145e+03
  -2.9854630e+01  -5.2260895e+01   1.8417126e+03
  -2.9847767e+01  -3.6842728e+01   1.8201272e+03
  -2.9770462e+01  -4.3009995e+01   1.8417126e+03
  -2.9722057e+01  -3.6842728e+01   1.8447963e+03
  -2.9680851e+01  -4.6093628e+01   1.8447963e+03
  -2.9678799e+01  -4.6093628e+01   1.8478799e+03
  -2.9660015e+01  -3.9926361e+01   1.7738727e+03
  -2.9548878e+01  -4.6093628e+01   1.8355454e+03
  -2.9533791e+01  -2.7591827e+01   1.8016254e+03
  -2.9054913e+01  -3.9926361e+01   1.8417126e+03
  -2.8940083e+01  -2.4508194e+01   1.8478799e+03
  -2.8917007e+01  -4.3009995e+01   1.8386290e+03
  -2.8895432e+01  -4.9177261e+01   1.8447963e+03
  -2.8882568e+01  -3.3759094e+01   1.8447963e+03
  -2.8868336e+01  -4.6093628e+01   1.8293782e+03
  -2.8836262e+01  -6.4595428e+01   1.7985417e+03
  -2.8675915e+01  -4.6093628e+01   1.8324618e+03
  -2.8299492e+01  -3.0675461e+01   1.8447963e+03
  -2.8199486e+01  -3.6842728e+01   1.7738727e+03
  -2.8117630e+01  -3.0675461e+01   1.8047090e+03
  -2.8100403e+01  -6.5482086e+01   1.8077927e+03
  -2.8100403e+01  -6.5421883e+01   1.8108763e+03
  -2.8100403e+01  -6.5275513e+01   1.8047090e+03
  -2.8100403e+01  -6.4969215e+01   1.8139600e+03
  -2.8100403e+01  -6.4917358e+01   1.8016254e+03
  -2.8100403e+01  -6.4775528e+01   1.7985417e+03
  -2.8100403e+01  -6.4595428e+01   1.7961868e+03
  -2.8100403e+01  -6.4595428e+01   1.8162030e+03
  -2.8100403e+01  -6.4510376e+01   1.8170436e+03
  -2.8100403e+01  -6.4419487e+01   1.7954581e+03
  -2.8100403e+01  -6.4269760e+01   1.8201272e+03
  -2.8100403e+01  -6.3835468e+01   1.7923745e+03
  -2.8100403e+01  -6.3825241e+01   1.8232108e+03
  -2.8100403e+01  -6.3210857e+01   1.8262944e+03
  -2.8100403e+01  -6.3099609e+01   1.7892909e+03
  -2.8100403e+01  -6.2435570e+01   1.8293782e+03
  -2.8100403e+01  -6.1661346e+01   1.7862073e+03
  -2.8100403e+01  -6.1511795e+01   1.7859235e+03
  -2.8100403e+01  -6.1511795e+01   1.8317257e+03
  -2.8100403e+01  -6.1095772e+01   1.8324618e+03
  -2.8100403e+01  -6.0005314e+01   1.7831237e+03
  -2.8100403e+01  -5.8946392e+01   1.8355454e+03
  -2.8100403e+01  -5.8428162e+01   1.7809458e+03
  -2.8100403e+01  -5.8428162e+01   1.8363317e+03
  -2.8100403e+01  -5.7405750e+01   1.7800400e+03
  -2.8100403e+01  -5.6886536e+01   1.8386290e+03
  -2.8100403e+01  -5.5344528e+01   1.7785718e+03
  -2.8100403e+01  -5.5344528e+01   1.8406029e+03
  -2.8100403e+01  -5.4289688e+01   1.8417126e+03
  -2.8100403e+01  -5.2260895e+01   1.7770006e+03
  -2.8100403e+01  -5.2260895e+01   1.8438352e+03
  -2.8100403e+01  -5.2151844e+01   1.7769563e+03
  -2.8100403e+01  -5.1418217e+01   1.8447963e+03
  -2.8100403e+01  -4.9177261e+01   1.7757531e+03
  -2.8100403e+01  -4.9177261e+01   1.8468568e+03
  -2.8100403e+01  -4.8405193e+01   1.8478799e+03
  -2.8100403e+01  -4.7861221e+01   1.8540471e+03
  -2.8100403e+01  -4.7809402e+01   1.8509635e+03
  -2.8100403e+01  -4.7419277e+01   1.8571309e+03
  -2.8100403e+01  -4.6093628e+01   1.7747552e+03
  -2.8100403e+01  -4.6093628e+01   1.8597858e+03
  -2.8100403e+01  -4.5659573e+01   1.8602145e+03
  -2.8100403e+01  -4.5169907e+01   1.8324618e+03
  -2.8100403e+01  -4.5021027e+01   1.8293782e+03
  -2.8100403e+01  -4.3711655e+01   1.8355454e+03
  -2.8100403e+01  -4.3403137e+01   1.8262944e+03
  -2.8100403e+01  -4.3009995e+01   1.7738746e+03
  -2.8100403e+01  -4.3009995e+01   1.8258032e+03
  -2.8100403e+01  -4.3009995e+01   1.8367201e+03
  -2.8100403e+01  -4.3009995e+01   1.8607927e+03
  -2.8100403e+01  -4.3003925e+01   1.7738727e+03
  -2.8100403e+01  -4.1369755e+01   1.8386290e+03
  -2.8100403e+01  -4.1346710e+01   1.8602145e+03
  -2.8100403e+01  -4.0830517e+01   1.8232108e+03
  -2.8100403e+01  -3.9926361e+01   1.7734120e+03
  -2.8100403e+01  -3.9926361e+01   1.8222377e+03
  -2.8100403e+01  -3.9926361e+01   1.8395662e+03
  -2.8100403e+01  -3.9926361e+01   1.8595785e+03
  -2.8100403e+01  -3.6991131e+01   1.8417126e+03
  -2.8100403e+01  -3.6842728e+01   1.7738423e+03
  -2.8100403e+01  -3.6842728e+01   1.8204902e+03
  -2.8100403e+01  -3.6842728e+01   1.8418069e+03
  -2.8100403e+01  -3.6842728e+01   1.8581915e+03
  -2.8100403e+01  -3.6575176e+01   1.7738727e+03
  -2.8100403e+01  -3.5691719e+01   1.8201272e+03
  -2.8100403e+01  -3.4247128e+01   1.8571309e+03
  -2.8100403e+01  -3.3759094e+01   1.7742585e+03
  -2.8100403e+01  -3.3759094e+01   1.8184774e+03
  -2.8100403e+01  -3.3759094e+01   1.8438887e+03
  -2.8100403e+01  -3.3759094e+01   1.8569357e+03
  -2.8100403e+01  -3.3454777e+01   1.8170436e+03
  -2.8100403e+01  -3.3245552e+01   1.8139600e+03
  -2.8100403e+01  -3.2755859e+01   1.8108763e+03
  -2.8100403e+01  -3.2058327e+01   1.8077927e+03
  -2.8100403e+01  -3.0693748e+01   1.8047090e+03
  -2.8100403e+01  -3.0675461e+01   1.7756235e+03
  -2.8100403e+01  -3.0675461e+01   1.8046770e+03
  -2.8100403e+01  -3.0675461e+01   1.8446152e+03
  -2.8100403e+01  -3.0675461e+01   1.8557838e+03
  -2.8100403e+01  -2.9037350e+01   1.7769563e+03
  -2.8100403e+01  -2.8874203e+01   1.8016254e+03
  -2.8100403e+01  -2.8503616e+01   1.8447963e+03
  -2.8100403e+01  -2.7591827e+01   1.7779869e+03
  -2.8100403e+01  -2.7591827e+01   1.7997716e+03
  -2.8100403e+01  -2.7591827e+01   1.8451354e+03
  -2.8100403e+01  -2.7591827e+01   1.8545302e+03
  -2.8100403e+01  -2.6601357e+01   1.8540471e+03
  -2.8100403e+01  -2.6572121e+01   1.7985417e+03
  -2.8100403e+01  -2.5387688e+01   1.7800400e+03
  -2.8100403e+01  -2.4508194e+01   1.7815883e+03
  -2.8100403e+01  -2.4508194e+01   1.7959563e+03
  -2.8100403e+01  -2.4508194e+01   1.8470732e+03
  -2.8100403e+01  -2.4508194e+01   1.8532366e+03
  -2.8100403e+01  -2.4218323e+01   1.7954581e+03
  -2.8100403e+01  -2.3977837e+01   1.7831237e+03
  -2.8100403e+01  -2.3641174e+01   1.7892909e+03
  -2.8100403e+01  -2.3616959e+01   1.7862073e+03
  -2.8100403e+01  -2.3559578e+01   1.7923745e+03
  -2.8100403e+01  -2.3523193e+01   1.8478799e+03
  -2.8100403e+01  -2.2290413e+01   1.8509635e+03
  -2.8088505e+01  -4.3009995e+01   1.7738727e+03
  -2.8039528e+01  -3.6842728e+01   1.8417126e+03
  -2.7806255e+01  -4.3009995e+01   1.8262944e+03
  -2.7779636e+01  -2.7591827e+01   1.8447963e+03
  -2.7670879e+01  -4.3009995e+01   1.8355454e+03
  -2.7632191e+01  -3.3759094e+01   1.8170436e+03
  -2.7578598e+01  -2.4508194e+01   1.7954581e+03
  -2.7564140e+01  -4.9177261e+01   1.8478799e+03
  -2.7425045e+01  -5.2260895e+01   1.8447963e+03
  -2.7387501e+01  -3.9926361e+01   1.8386290e+03
  -2.7318848e+01  -3.3759094e+01   1.8139600e+03
  -2.7245895e+01  -4.6093628e+01   1.8602145e+03
  -2.7206696e+01  -2.7591827e+01   1.7985417e+03
  -2.6991100e+01  -5.2260895e+01   1.7769563e+03
  -2.6912643e+01  -4.3009995e+01   1.8324618e+03
  -2.6813602e+01  -3.9926361e+01   1.8232108e+03
  -2.6766956e+01  -6.4595428e+01   1.7954581e+03
  -2.6760773e+01  -4.3009995e+01   1.8293782e+03
  -2.6756016e+01  -5.5344528e+01   1.8417126e+03
  -2.6703609e+01  -3.3759094e+01   1.8108763e+03
  -2.6684559e+01  -3.3759094e+01   1.8571309e+03
  -2.6332272e+01  -6.4595428e+01   1.8170436e+03
  -2.6217922e+01  -3.0675461e+01   1.8016254e+03
  -2.5989540e+01  -3.3759094e+01   1.8417126e+03
  -2.5735420e+01  -2.4508194e+01   1.8447963e+03
  -2.5689564e+01  -3.3759094e+01   1.8077927e+03
  -2.5686184e+01  -4.9177261e+01   1.8509635e+03
  -2.5666210e+01  -2.1424561e+01   1.8509635e+03
  -2.5621639e+01  -6.1511795e+01   1.8324618e+03
  -2.5526569e+01  -2.4508194e+01   1.7923745e+03
  -2.5375420e+01  -3.6842728e+01   1.8386290e+03
  -2.5327286e+01  -3.3759094e+01   1.7738727e+03
  -2.5278454e+01  -3.9926361e+01   1.8355454e+03
  -2.5076427e+01  -2.1424561e+01   1.8478799e+03
  -2.5016769e+01  -6.5212364e+01   1.8108763e+03
  -2.5016769e+01  -6.5106842e+01   1.8139600e+03
  -2.5016769e+01  -6.5065491e+01   1.7985417e+03
  -2.5016769e+01  -6.5049751e+01   1.8077927e+03
  -2.5016769e+01  -6.4910904e+01   1.8047090e+03
  -2.5016769e+01  -6.4868233e+01   1.8016254e+03
  -2.5016769e+01  -6.4735565e+01   1.7954581e+03
  -2.5016769e+01  -6.4604553e+01   1.8170436e+03
  -2.5016769e+01  -6.4595428e+01   1.7950624e+03
  -2.5016769e+01  -6.4595428e+01   1.8170909e+03
  -2.5016769e+01  -6.4213264e+01   1.8201272e+03
  -2.5016769e+01  -6.3786777e+01   1.7923745e+03
  -2.5016769e+01  -6.3591934e+01   1.8232108e+03
  -2.5016769e+01  -6.2939873e+01   1.7892909e+03
  -2.5016769e+01  -6.2938011e+01   1.8262944e+03
  -2.5016769e+01  -6.2651646e+01   1.8293782e+03
  -2.5016769e+01  -6.1927128e+01   1.7862073e+03
  -2.5016769e+01  -6.1599899e+01   1.8324618e+03
  -2.5016769e+01  -6.1511795e+01   1.7851605e+03
  -2.5016769e+01  -6.1511795e+01   1.8325983e+03
  -2.5016769e+01  -6.0408581e+01   1.7831237e+03
  -2.5016769e+01  -5.9737907e+01   1.8355454e+03
  -2.5016769e+01  -5.8428162e+01   1.7804736e+03
  -2.5016769e+01  -5.8428162e+01   1.8383446e+03
  -2.5016769e+01  -5.8300468e+01   1.8386290e+03
  -2.5016769e+01  -5.8020977e+01   1.7800400e+03
  -2.5016769e+01  -5.6559288e+01   1.8417126e+03
  -2.5016769e+01  -5.5344528e+01   1.7781034e+03
  -2.5016769e+01  -5.5344528e+01   1.8432961e+03
  -2.5016769e+01  -5.4286892e+01   1.8447963e+03
  -2.5016769e+01  -5.3011578e+01   1.7769563e+03
  -2.5016769e+01  -5.2260895e+01   1.7766233e+03
  -2.5016769e+01  -5.2260895e+01   1.8473688e+03
  -2.5016769e+01  -5.1709705e+01   1.8478799e+03
  -2.5016769e+01  -4.9447708e+01   1.8509635e+03
  -2.5016769e+01  -4.9177261e+01   1.7755093e+03
  -2.5016769e+01  -4.9177261e+01   1.8517969e+03
  -2.5016769e+01  -4.8688293e+01   1.8540471e+03
  -2.5016769e+01  -4.8142609e+01   1.8571309e+03
  -2.5016769e+01  -4.6537231e+01   1.8602145e+03
  -2.5016769e+01  -4.6093628e+01   1.7743333e+03
  -2.5016769e+01  -4.6093628e+01   1.8605881e+03
  -2.5016769e+01  -4.4792347e+01   1.7738727e+03
  -2.5016769e+01  -4.3009995e+01   1.7736263e+03
  -2.5016769e+01  -4.3009995e+01   1.8610248e+03
  -2.5016769e+01  -4.1211308e+01   1.8602145e+03
  -2.5016769e+01  -4.0774647e+01   1.8293782e+03
  -2.5016769e+01  -4.0633602e+01   1.8324618e+03
  -2.5016769e+01  -4.0182327e+01   1.8262944e+03
  -2.5016769e+01  -3.9926361e+01   1.7732809e+03
  -2.5016769e+01  -3.9926361e+01   1.8254973e+03
  -2.5016769e+01  -3.9926361e+01   1.8351128e+03
  -2.5016769e+01  -3.9926361e+01   1.8597128e+03
  -2.5016769e+01  -3.9663177e+01   1.8355454e+03
  -2.5016769e+01  -3.9113148e+01   1.8232108e+03
  -2.5016769e+01  -3.6842728e+01   1.7731545e+03
  -2.5016769e+01  -3.6842728e+01   1.8204729e+03
  -2.5016769e+01  -3.6842728e+01   1.8382330e+03
  -2.5016769e+01  -3.6842728e+01   1.8585735e+03
  -2.5016769e+01  -3.6479965e+01   1.8201272e+03
  -2.5016769e+01  -3.6319450e+01   1.8386290e+03
  -2.5016769e+01  -3.5398586e+01   1.8170436e+03
  -2.5016769e+01  -3.5276920e+01   1.8139600e+03
  -2.5016769e+01  -3.4835011e+01   1.8108763e+03
  -2.5016769e+01  -3.4131878e+01   1.8077927e+03
  -2.5016769e+01  -3.3759094e+01   1.7738191e+03
  -2.5016769e+01  -3.3759094e+01   1.8064133e+03
  -2.5016769e+01  -3.3759094e+01   1.8405879e+03
  -2.5016769e+01  -3.3759094e+01   1.8573263e+03
  -2.5016769e+01  -3.3591404e+01   1.7738727e+03
  -2.5016769e+01  -3.3291321e+01   1.8571309e+03
  -2.5016769e+01  -3.3172489e+01   1.8047090e+03
  -2.5016769e+01  -3.2025986e+01   1.8417126e+03
  -2.5016769e+01  -3.1551033e+01   1.8016254e+03
  -2.5016769e+01  -3.0675461e+01   1.7753981e+03
  -2.5016769e+01  -3.0675461e+01   1.8001906e+03
  -2.5016769e+01  -3.0675461e+01   1.8418851e+03
  -2.5016769e+01  -3.0675461e+01   1.8559617e+03
  -2.5016769e+01  -2.9607204e+01   1.7985417e+03
  -2.5016769e+01  -2.8764221e+01   1.7769563e+03
  -2.5016769e+01  -2.7591827e+01   1.7777273e+03
  -2.5016769e+01  -2.7591827e+01   1.7962826e+03
  -2.5016769e+01  -2.7591827e+01   1.8422672e+03
  -2.5016769e+01  -2.7591827e+01   1.8546284e+03
  -2.5016769e+01  -2.6641281e+01   1.7954581e+03
  -2.5016769e+01  -2.5942261e+01   1.8540471e+03
  -2.5016769e+01  -2.4902603e+01   1.7800400e+03
  -2.5016769e+01  -2.4813278e+01   1.7923745e+03
  -2.5016769e+01  -2.4508194e+01   1.7806558e+03
  -2.5016769e+01  -2.4508194e+01   1.7907041e+03
  -2.5016769e+01  -2.4508194e+01   1.8439956e+03
  -2.5016769e+01  -2.4508194e+01   1.8536122e+03
  -2.5016769e+01  -2.4220802e+01   1.7892909e+03
  -2.5016769e+01  -2.3847137e+01   1.7862073e+03
  -2.5016769e+01  -2.3840996e+01   1.7831237e+03
  -2.5016769e+01  -2.3683815e+01   1.8447963e+03
  -2.5016769e+01  -2.1424561e+01   1.8478256e+03
  -2.5016769e+01  -2.1424561e+01   1.8513575e+03
  -2.5016769e+01  -2.1395691e+01   1.8478799e+03
  -2.5016769e+01  -2.1237961e+01   1.8509635e+03
  -2.4834904e+01  -3.0675461e+01   1.8417126e+03
  -2.4747223e+01  -5.8428162e+01   1.8386290e+03
  -2.4707745e+01  -3.9926361e+01   1.8262944e+03
  -2.4584808e+01  -6.4595428e+01   1.8170436e+03
  -2.4270756e+01  -2.7591827e+01   1.8417126e+03
  -2.4136780e+01  -3.9926361e+01   1.8293782e+03
  -2.4123138e+01  -2.4508194e+01   1.7892909e+03
  -2.4072628e+01  -3.9926361e+01   1.8324618e+03
  -2.4008484e+01  -5.2260895e+01   1.8478799e+03
  -2.3973080e+01  -2.7591827e+01   1.7954581e+03
  -2.3921497e+01  -3.3759094e+01   1.8047090e+03
  -2.3561722e+01  -3.6842728e+01   1.8201272e+03
  -2.3491890e+01  -3.0675461e+01   1.7985417e+03
  -2.3395958e+01  -6.1511795e+01   1.8324618e+03
  -2.3261181e+01  -3.3759094e+01   1.8386290e+03
  -2.2914207e+01  -3.6842728e+01   1.8355454e+03
  -2.2476650e+01  -4.6093628e+01   1.8602145e+03
  -2.2469269e+01  -6.4595428e+01   1.8016254e+03
  -2.2360744e+01  -2.4508194e+01   1.8417126e+03
  -2.2207218e+01  -2.4508194e+01   1.8540471e+03
  -2.2088390e+01  -3.6842728e+01   1.8170436e+03
  -2.1938808e+01  -2.7591827e+01   1.7923745e+03
  -2.1938641e+01  -3.6842728e+01   1.8139600e+03
  -2.1933136e+01  -6.5113388e+01   1.8108763e+03
  -2.1933136e+01  -6.5068672e+01   1.8139600e+03
  -2.1933136e+01  -6.4944725e+01   1.8077927e+03
  -2.1933136e+01  -6.4825027e+01   1.7985417e+03
  -2.1933136e+01  -6.4772369e+01   1.7954581e+03
  -2.1933136e+01  -6.4708847e+01   1.8047090e+03
  -2.1933136e+01  -6.4595428e+01   1.7944629e+03
  -2.1933136e+01  -6.4595428e+01   1.8006373e+03
  -2.1933136e+01  -6.4595428e+01   1.8041003e+03
  -2.1933136e+01  -6.4595428e+01   1.8160024e+03
  -2.1933136e+01  -6.4509781e+01   1.8016254e+03
  -2.1933136e+01  -6.4351501e+01   1.8170436e+03
  -2.1933136e+01  -6.3994415e+01   1.7923745e+03
  -2.1933136e+01  -6.3716469e+01   1.8201272e+03
  -2.1933136e+01  -6.3023911e+01   1.8232108e+03
  -2.1933136e+01  -6.2952850e+01   1.7892909e+03
  -2.1933136e+01  -6.2273926e+01   1.8262944e+03
  -2.1933136e+01  -6.2056107e+01   1.7862073e+03
  -2.1933136e+01  -6.1688820e+01   1.8293782e+03
  -2.1933136e+01  -6.1511795e+01   1.7847050e+03
  -2.1933136e+01  -6.1511795e+01   1.8303428e+03
  -2.1933136e+01  -6.1014492e+01   1.8324618e+03
  -2.1933136e+01  -6.0736980e+01   1.7831237e+03
  -2.1933136e+01  -5.9974754e+01   1.8355454e+03
  -2.1933136e+01  -5.8730003e+01   1.8386290e+03
  -2.1933136e+01  -5.8428162e+01   1.7800927e+03
  -2.1933136e+01  -5.8428162e+01   1.8394537e+03
  -2.1933136e+01  -5.8380016e+01   1.7800400e+03
  -2.1933136e+01  -5.7241451e+01   1.8417126e+03
  -2.1933136e+01  -5.5344528e+01   1.7775167e+03
  -2.1933136e+01  -5.5344528e+01   1.8442369e+03
  -2.1933136e+01  -5.4903801e+01   1.8447963e+03
  -2.1933136e+01  -5.4411274e+01   1.7769563e+03
  -2.1933136e+01  -5.2537788e+01   1.8478799e+03
  -2.1933136e+01  -5.2260895e+01   1.7759854e+03
  -2.1933136e+01  -5.2260895e+01   1.8482798e+03
  -2.1933136e+01  -5.0309658e+01   1.8509635e+03
  -2.1933136e+01  -4.9177261e+01   1.7753071e+03
  -2.1933136e+01  -4.9177261e+01   1.8530193e+03
  -2.1933136e+01  -4.8820625e+01   1.8540471e+03
  -2.1933136e+01  -4.7731525e+01   1.8571309e+03
  -2.1933136e+01  -4.6093628e+01   1.7744258e+03
  -2.1933136e+01  -4.6093628e+01   1.8600076e+03
  -2.1933136e+01  -4.5918472e+01   1.8602145e+03
  -2.1933136e+01  -4.4511730e+01   1.7738727e+03
  -2.1933136e+01  -4.3009995e+01   1.7735615e+03
  -2.1933136e+01  -4.3009995e+01   1.8612052e+03
  -2.1933136e+01  -4.0070023e+01   1.8602145e+03
  -2.1933136e+01  -3.9926361e+01   1.7733224e+03
  -2.1933136e+01  -3.9926361e+01   1.8601389e+03
  -2.1933136e+01  -3.7821407e+01   1.8262944e+03
  -2.1933136e+01  -3.7777721e+01   1.8232108e+03
  -2.1933136e+01  -3.7760780e+01   1.8293782e+03
  -2.1933136e+01  -3.7432774e+01   1.8324618e+03
  -2.1933136e+01  -3.7197556e+01   1.8201272e+03
  -2.1933136e+01  -3.6899960e+01   1.8170436e+03
  -2.1933136e+01  -3.6844986e+01   1.8139600e+03
  -2.1933136e+01  -3.6842728e+01   1.7731277e+03
  -2.1933136e+01  -3.6842728e+01   1.8138933e+03
  -2.1933136e+01  -3.6842728e+01   1.8338025e+03
  -2.1933136e+01  -3.6842728e+01   1.8588779e+03
  -2.1933136e+01  -3.6479252e+01   1.8108763e+03
  -2.1933136e+01  -3.5805645e+01   1.8077927e+03
  -2.1933136e+01  -3.5332043e+01   1.8355454e+03
  -2.1933136e+01  -3.4765278e+01   1.8047090e+03
  -2.1933136e+01  -3.3759094e+01   1.7735182e+03
  -2.1933136e+01  -3.3759094e+01   1.8022506e+03
  -2.1933136e+01  -3.3759094e+01   1.8370912e+03
  -2.1933136e+01  -3.3759094e+01   1.8576738e+03
  -2.1933136e+01  -3.3490108e+01   1.8016254e+03
  -2.1933136e+01  -3.2971489e+01   1.7738727e+03
  -2.1933136e+01  -3.2665089e+01   1.8571309e+03
  -2.1933136e+01  -3.1760098e+01   1.7985417e+03
  -2.1933136e+01  -3.1505650e+01   1.8386290e+03
  -2.1933136e+01  -3.0675461e+01   1.7753862e+03
  -2.1933136e+01  -3.0675461e+01   1.7968284e+03
  -2.1933136e+01  -3.0675461e+01   1.8390291e+03
  -2.1933136e+01  -3.0675461e+01   1.8562134e+03
  -2.1933136e+01  -2.9654243e+01   1.7954581e+03
  -2.1933136e+01  -2.8209801e+01   1.7769563e+03
  -2.1933136e+01  -2.7598129e+01   1.7923745e+03
  -2.1933136e+01  -2.7591827e+01   1.7773138e+03
  -2.1933136e+01  -2.7591827e+01   1.7923579e+03
  -2.1933136e+01  -2.7591827e+01   1.8401754e+03
  -2.1933136e+01  -2.7591827e+01   1.8550096e+03
  -2.1933136e+01  -2.5528595e+01   1.7892909e+03
  -2.1933136e+01  -2.4676125e+01   1.7800400e+03
  -2.1933136e+01  -2.4508194e+01   1.7802942e+03
  -2.1933136e+01  -2.4508194e+01   1.7873883e+03
  -2.1933136e+01  -2.4508194e+01   1.8414448e+03
  -2.1933136e+01  -2.4508194e+01   1.8540850e+03
  -2.1933136e+01  -2.4402374e+01   1.8540471e+03
  -2.1933136e+01  -2.4231819e+01   1.7862073e+03
  -2.1933136e+01  -2.4061028e+01   1.8417126e+03
  -2.1933136e+01  -2.3815300e+01   1.7831237e+03
  -2.1933136e+01  -2.1500412e+01   1.8447963e+03
  -2.1933136e+01  -2.1424561e+01   1.8449662e+03
  -2.1933136e+01  -2.1424561e+01   1.8525184e+03
  -2.1933136e+01  -2.0320625e+01   1.8509635e+03
  -2.1933136e+01  -2.0276497e+01   1.8478799e+03
  -2.1746128e+01  -2.1424561e+01   1.8447963e+03
  -2.1662109e+01  -5.8428162e+01   1.7800400e+03
  -2.1523903e+01  -3.6842728e+01   1.8324618e+03
  -2.1408493e+01  -3.0675461e+01   1.8386290e+03
  -2.1401638e+01  -3.3759094e+01   1.8016254e+03
  -2.1355682e+01  -6.1511795e+01   1.8293782e+03
  -2.1166824e+01  -3.9926361e+01   1.8602145e+03
  -2.1050110e+01  -3.0675461e+01   1.7954581e+03
  -2.1008236e+01  -3.6842728e+01   1.8108763e+03
  -2.0893753e+01  -2.4508194e+01   1.7862073e+03
  -2.0791710e+01  -3.6842728e+01   1.8293782e+03
  -2.0485199e+01  -5.8428162e+01   1.8386290e+03
  -2.0428135e+01  -3.3759094e+01   1.8355454e+03
  -2.0201740e+01  -6.4595428e+01   1.7954581e+03
  -2.0097355e+01  -5.2260895e+01   1.8478799e+03
  -1.9911209e+01  -6.4595428e+01   1.7985417e+03
  -1.9660561e+01  -2.7591827e+01   1.7892909e+03
  -1.9458340e+01  -2.4508194e+01   1.7831237e+03
  -1.9343529e+01  -5.5344528e+01   1.7769563e+03
  -1.9257305e+01  -3.0675461e+01   1.7923745e+03
  -1.9222660e+01  -3.3759094e+01   1.7985417e+03
  -1.9150711e+01  -3.6842728e+01   1.8077927e+03
  -1.9055050e+01  -6.4595428e+01   1.8139600e+03
  -1.8849503e+01  -6.4898346e+01   1.8077927e+03
  -1.8849503e+01  -6.4888718e+01   1.8047090e+03
  -1.8849503e+01  -6.4704498e+01   1.8108763e+03
  -1.8849503e+01  -6.4595428e+01   1.8027693e+03
  -1.8849503e+01  -6.4595428e+01   1.8136451e+03
  -1.8849503e+01  -6.4546524e+01   1.8139600e+03
  -1.8849503e+01  -6.4472931e+01   1.8016254e+03
  -1.8849503e+01  -6.4427933e+01   1.7985417e+03
  -1.8849503e+01  -6.4237946e+01   1.7954581e+03
  -1.8849503e+01  -6.3879181e+01   1.8170436e+03
  -1.8849503e+01  -6.3677513e+01   1.7923745e+03
  -1.8849503e+01  -6.2966370e+01   1.8201272e+03
  -1.8849503e+01  -6.2861473e+01   1.7892909e+03
  -1.8849503e+01  -6.2339340e+01   1.8232108e+03
  -1.8849503e+01  -6.1793694e+01   1.8262944e+03
  -1.8849503e+01  -6.1722046e+01   1.7862073e+03
  -1.8849503e+01  -6.1511795e+01   1.7855811e+03
  -1.8849503e+01  -6.1511795e+01   1.8272847e+03
  -1.8849503e+01  -6.0912773e+01   1.8293782e+03
  -1.8849503e+01  -6.0663799e+01   1.7831237e+03
  -1.8849503e+01  -5.9980587e+01   1.8324618e+03
  -1.8849503e+01  -5.8914944e+01   1.8355454e+03
  -1.8849503e+01  -5.8831963e+01   1.7800400e+03
  -1.8849503e+01  -5.8428162e+01   1.7794899e+03
  -1.8849503e+01  -5.8428162e+01   1.8370332e+03
  -1.8849503e+01  -5.7839806e+01   1.8386290e+03
  -1.8849503e+01  -5.6109409e+01   1.8417126e+03
  -1.8849503e+01  -5.5539703e+01   1.7769563e+03
  -1.8849503e+01  -5.5344528e+01   1.7768495e+03
  -1.8849503e+01  -5.5344528e+01   1.8425449e+03
  -1.8849503e+01  -5.3492287e+01   1.8447963e+03
  -1.8849503e+01  -5.2260895e+01   1.7755426e+03
  -1.8849503e+01  -5.2260895e+01   1.8471226e+03
  -1.8849503e+01  -5.1865520e+01   1.8478799e+03
  -1.8849503e+01  -4.9903015e+01   1.8509635e+03
  -1.8849503e+01  -4.9177261e+01   1.7749995e+03
  -1.8849503e+01  -4.9177261e+01   1.8521154e+03
  -1.8849503e+01  -4.8186291e+01   1.8540471e+03
  -1.8849503e+01  -4.6788761e+01   1.8571309e+03
  -1.8849503e+01  -4.6093628e+01   1.7744343e+03
  -1.8849503e+01  -4.6093628e+01   1.8587727e+03
  -1.8849503e+01  -4.5243202e+01   1.8602145e+03
  -1.8849503e+01  -4.4107468e+01   1.7738727e+03
  -1.8849503e+01  -4.3009995e+01   1.7735148e+03
  -1.8849503e+01  -4.3009995e+01   1.8611653e+03
  -1.8849503e+01  -3.9926361e+01   1.7733424e+03
  -1.8849503e+01  -3.9926361e+01   1.8604415e+03
  -1.8849503e+01  -3.9386532e+01   1.8602145e+03
  -1.8849503e+01  -3.8126480e+01   1.8139600e+03
  -1.8849503e+01  -3.8119267e+01   1.8170436e+03
  -1.8849503e+01  -3.7988228e+01   1.8201272e+03
  -1.8849503e+01  -3.7750835e+01   1.8232108e+03
  -1.8849503e+01  -3.7626980e+01   1.8108763e+03
  -1.8849503e+01  -3.7059135e+01   1.8262944e+03
  -1.8849503e+01  -3.6934845e+01   1.8077927e+03
  -1.8849503e+01  -3.6842728e+01   1.7735597e+03
  -1.8849503e+01  -3.6842728e+01   1.8073557e+03
  -1.8849503e+01  -3.6842728e+01   1.8270870e+03
  -1.8849503e+01  -3.6842728e+01   1.8592778e+03
  -1.8849503e+01  -3.6192444e+01   1.8293782e+03
  -1.8849503e+01  -3.6037872e+01   1.8047090e+03
  -1.8849503e+01  -3.4884995e+01   1.8324618e+03
  -1.8849503e+01  -3.4782497e+01   1.8016254e+03
  -1.8849503e+01  -3.4025646e+01   1.7985417e+03
  -1.8849503e+01  -3.3759094e+01   1.7738688e+03
  -1.8849503e+01  -3.3759094e+01   1.7974659e+03
  -1.8849503e+01  -3.3759094e+01   1.8342019e+03
  -1.8849503e+01  -3.3759094e+01   1.8579507e+03
  -1.8849503e+01  -3.3746620e+01   1.7738727e+03
  -1.8849503e+01  -3.2730556e+01   1.7954581e+03
  -1.8849503e+01  -3.2548862e+01   1.8355454e+03
  -1.8849503e+01  -3.2082714e+01   1.8571309e+03
  -1.8849503e+01  -3.1013103e+01   1.7923745e+03
  -1.8849503e+01  -3.0675461e+01   1.7753228e+03
  -1.8849503e+01  -3.0675461e+01   1.7917786e+03
  -1.8849503e+01  -3.0675461e+01   1.8372371e+03
  -1.8849503e+01  -3.0675461e+01   1.8565729e+03
  -1.8849503e+01  -2.8571159e+01   1.7892909e+03
  -1.8849503e+01  -2.8378380e+01   1.7769563e+03
  -1.8849503e+01  -2.8368313e+01   1.8386290e+03
  -1.8849503e+01  -2.7591827e+01   1.7774414e+03
  -1.8849503e+01  -2.7591827e+01   1.7884896e+03
  -1.8849503e+01  -2.7591827e+01   1.8389210e+03
  -1.8849503e+01  -2.7591827e+01   1.8554622e+03
  -1.8849503e+01  -2.5918373e+01   1.7862073e+03
  -1.8849503e+01  -2.5115158e+01   1.7800400e+03
  -1.8849503e+01  -2.4896164e+01   1.7831237e+03
  -1.8849503e+01  -2.4508194e+01   1.8403818e+03
  -1.8849503e+01  -2.4508194e+01   1.8544926e+03
  -1.8849503e+01  -2.3241608e+01   1.8540471e+03
  -1.8849503e+01  -2.2581932e+01   1.8417126e+03
  -1.8849503e+01  -2.1424561e+01   1.8431757e+03
  -1.8849503e+01  -2.1424561e+01   1.8531045e+03
  -1.8849503e+01  -2.0701866e+01   1.8447963e+03
  -1.8849503e+01  -2.0049225e+01   1.8509635e+03
  -1.8849503e+01  -1.9926750e+01   1.8478799e+03
  -1.8831127e+01  -3.3759094e+01   1.7738727e+03
  -1.8185974e+01  -6.4595428e+01   1.8108763e+03
  -1.7754955e+01  -5.8428162e+01   1.8355454e+03
  -1.7708931e+01  -6.1511795e+01   1.8262944e+03
  -1.7674477e+01  -5.5344528e+01   1.8417126e+03
  -1.7636436e+01  -3.3759094e+01   1.7954581e+03
  -1.7365131e+01  -6.1511795e+01   1.7862073e+03
  -1.7225380e+01  -4.9177261e+01   1.8509635e+03
  -1.7084229e+01  -6.4595428e+01   1.8077927e+03
  -1.6816856e+01  -2.7591827e+01   1.7862073e+03
  -1.6727859e+01  -3.6842728e+01   1.8047090e+03
  -1.6220997e+01  -6.4595428e+01   1.8047090e+03
  -1.6172169e+01  -6.1511795e+01   1.8232108e+03
  -1.5944500e+01  -3.0675461e+01   1.7892909e+03
  -1.5765869e+01  -6.4437828e+01   1.8047090e+03
  -1.5765869e+01  -6.4219841e+01   1.8016254e+03
  -1.5765869e+01  -6.4183182e+01   1.8077927e+03
  -1.5765869e+01  -6.3815941e+01   1.7985417e+03
  -1.5765869e+01  -6.3707191e+01   1.8108763e+03
  -1.5765869e+01  -6.3237514e+01   1.7954581e+03
  -1.5765869e+01  -6.3141136e+01   1.8139600e+03
  -1.5765869e+01  -6.2715122e+01   1.7923745e+03
  -1.5765869e+01  -6.2660587e+01   1.8170436e+03
  -1.5765869e+01  -6.2070938e+01   1.7892909e+03
  -1.5765869e+01  -6.1951317e+01   1.8201272e+03
  -1.5765869e+01  -6.1511795e+01   1.7876915e+03
  -1.5765869e+01  -6.1511795e+01   1.8221954e+03
  -1.5765869e+01  -6.1358200e+01   1.8232108e+03
  -1.5765869e+01  -6.1108505e+01   1.7862073e+03
  -1.5765869e+01  -6.0858192e+01   1.8262944e+03
  -1.5765869e+01  -6.0204792e+01   1.8293782e+03
  -1.5765869e+01  -6.0056015e+01   1.7831237e+03
  -1.5765869e+01  -5.9106483e+01   1.8324618e+03
  -1.5765869e+01  -5.8591194e+01   1.7800400e+03
  -1.5765869e+01  -5.8428162e+01   1.7797058e+03
  -1.5765869e+01  -5.8428162e+01   1.8338818e+03
  -1.5765869e+01  -5.7749535e+01   1.8355454e+03
  -1.5765869e+01  -5.6311050e+01   1.8386290e+03
  -1.5765869e+01  -5.6103237e+01   1.7769563e+03
  -1.5765869e+01  -5.5344528e+01   1.7764943e+03
  -1.5765869e+01  -5.5344528e+01   1.8402871e+03
  -1.5765869e+01  -5.4504017e+01   1.8417126e+03
  -1.5765869e+01  -5.2291218e+01   1.8447963e+03
  -1.5765869e+01  -5.2260895e+01   1.7751584e+03
  -1.5765869e+01  -5.2260895e+01   1.8448359e+03
  -1.5765869e+01  -5.0109200e+01   1.8478799e+03
  -1.5765869e+01  -4.9177261e+01   1.7743794e+03
  -1.5765869e+01  -4.9177261e+01   1.8495710e+03
  -1.5765869e+01  -4.8387619e+01   1.8509635e+03
  -1.5765869e+01  -4.7012356e+01   1.8540471e+03
  -1.5765869e+01  -4.6272003e+01   1.8571309e+03
  -1.5765869e+01  -4.6093628e+01   1.7740342e+03
  -1.5765869e+01  -4.6093628e+01   1.8579078e+03
  -1.5765869e+01  -4.4984600e+01   1.8602145e+03
  -1.5765869e+01  -4.4243164e+01   1.7738727e+03
  -1.5765869e+01  -4.3009995e+01   1.7736229e+03
  -1.5765869e+01  -4.3009995e+01   1.8612080e+03
  -1.5765869e+01  -3.9926361e+01   1.7735461e+03
  -1.5765869e+01  -3.9926361e+01   1.8607393e+03
  -1.5765869e+01  -3.9335911e+01   1.8170436e+03
  -1.5765869e+01  -3.9205082e+01   1.8139600e+03
  -1.5765869e+01  -3.8901482e+01   1.8201272e+03
  -1.5765869e+01  -3.8640827e+01   1.8108763e+03
  -1.5765869e+01  -3.8589081e+01   1.8602145e+03
  -1.5765869e+01  -3.8201023e+01   1.8232108e+03
  -1.5765869e+01  -3.7944897e+01   1.8077927e+03
  -1.5765869e+01  -3.7391903e+01   1.8047090e+03
  -1.5765869e+01  -3.7328758e+01   1.8262944e+03
  -1.5765869e+01  -3.6842728e+01   1.7737372e+03
  -1.5765869e+01  -3.6842728e+01   1.8024604e+03
  -1.5765869e+01  -3.6842728e+01   1.8276111e+03
  -1.5765869e+01  -3.6842728e+01   1.8595929e+03
  -1.5765869e+01  -3.6411179e+01   1.8016254e+03
  -1.5765869e+01  -3.6021275e+01   1.8293782e+03
  -1.5765869e+01  -3.5120876e+01   1.7985417e+03
  -1.5765869e+01  -3.4877838e+01   1.7954581e+03
  -1.5765869e+01  -3.4296471e+01   1.7738727e+03
  -1.5765869e+01  -3.4073524e+01   1.8324618e+03
  -1.5765869e+01  -3.3759094e+01   1.7739924e+03
  -1.5765869e+01  -3.3759094e+01   1.7929399e+03
  -1.5765869e+01  -3.3759094e+01   1.8328557e+03
  -1.5765869e+01  -3.3759094e+01   1.8583499e+03
  -1.5765869e+01  -3.3259567e+01   1.7923745e+03
  -1.5765869e+01  -3.1583981e+01   1.8355454e+03
  -1.5765869e+01  -3.1028992e+01   1.8571309e+03
  -1.5765869e+01  -3.0752262e+01   1.7892909e+03
  -1.5765869e+01  -3.0675461e+01   1.7755580e+03
  -1.5765869e+01  -3.0675461e+01   1.7892025e+03
  -1.5765869e+01  -3.0675461e+01   1.8366608e+03
  -1.5765869e+01  -3.0675461e+01   1.8569816e+03
  -1.5765869e+01  -2.8843372e+01   1.7769563e+03
  -1.5765869e+01  -2.8319527e+01   1.8386290e+03
  -1.5765869e+01  -2.8198372e+01   1.7862073e+03
  -1.5765869e+01  -2.7591827e+01   1.7775193e+03
  -1.5765869e+01  -2.7591827e+01   1.7853385e+03
  -1.5765869e+01  -2.7591827e+01   1.8389988e+03
  -1.5765869e+01  -2.7591827e+01   1.8558190e+03
  -1.5765869e+01  -2.6303085e+01   1.7831237e+03
  -1.5765869e+01  -2.5514503e+01   1.7800400e+03
  -1.5765869e+01  -2.4508194e+01   1.8410437e+03
  -1.5765869e+01  -2.4508194e+01   1.8548198e+03
  -1.5765869e+01  -2.3657784e+01   1.8417126e+03
  -1.5765869e+01  -2.2871140e+01   1.8540471e+03
  -1.5765869e+01  -2.1424561e+01   1.8447092e+03
  -1.5765869e+01  -2.1424561e+01   1.8524309e+03
  -1.5765869e+01  -2.1396317e+01   1.8447963e+03
  -1.5765869e+01  -2.1016602e+01   1.8509635e+03
  -1.5765869e+01  -2.0861992e+01   1.8478799e+03
  -1.5719521e+01  -2.1424561e+01   1.8447963e+03
  -1.5687103e+01  -5.2260895e+01   1.8447963e+03
  -1.5391159e+01  -3.6842728e+01   1.8016254e+03
  -1.5235035e+01  -3.3759094e+01   1.7923745e+03
  -1.5040497e+01  -5.8428162e+01   1.7800400e+03
  -1.4994621e+01  -2.1424561e+01   1.8509635e+03
  -1.4901508e+01  -2.1424561e+01   1.8478799e+03
  -1.4883171e+01  -3.0675461e+01   1.8571309e+03
  -1.4749195e+01  -6.1511795e+01   1.8201272e+03
  -1.4661499e+01  -2.4508194e+01   1.8417126e+03
  -1.4486740e+01  -4.6093628e+01   1.8571309e+03
  -1.4330616e+01  -4.9177261e+01   1.8478799e+03
  -1.3912701e+01  -6.1511795e+01   1.8170436e+03
  -1.3747288e+01  -5.5344528e+01   1.8386290e+03
  -1.3714626e+01  -6.1511795e+01   1.7892909e+03
  -1.3671696e+01  -3.9926361e+01   1.8170436e+03
  -1.3505455e+01  -3.6842728e+01   1.7985417e+03
  -1.3460037e+01  -6.1511795e+01   1.8139600e+03
  -1.3190090e+01  -4.3009995e+01   1.7738727e+03
  -1.3014675e+01  -4.6093628e+01   1.8540471e+03
  -1.2990124e+01  -5.8428162e+01   1.8324618e+03
  -1.2774765e+01  -2.4508194e+01   1.8447963e+03
  -1.2709057e+01  -3.9926361e+01   1.7738727e+03
  -1.2706314e+01  -3.6842728e+01   1.7954581e+03
  -1.2695103e+01  -3.9926361e+01   1.8139600e+03
  -1.2682236e+01  -6.2583626e+01   1.8016254e+03
  -1.2682236e+01  -6.2569939e+01   1.8047090e+03
  -1.2682236e+01  -6.2473419e+01   1.7985417e+03
  -1.2682236e+01  -6.2327469e+01   1.8077927e+03
  -1.2682236e+01  -6.2192322e+01   1.7954581e+03
  -1.2682236e+01  -6.1937458e+01   1.7923745e+03
  -1.2682236e+01  -6.1709686e+01   1.8108763e+03
  -1.2682236e+01  -6.1511795e+01   1.7899138e+03
  -1.2682236e+01  -6.1511795e+01   1.8115305e+03
  -1.2682236e+01  -6.1280441e+01   1.7892909e+03
  -1.2682236e+01  -6.0924950e+01   1.8139600e+03
  -1.2682236e+01  -6.0783016e+01   1.8170436e+03
  -1.2682236e+01  -6.0619644e+01   1.8201272e+03
  -1.2682236e+01  -6.0095501e+01   1.7862073e+03
  -1.2682236e+01  -5.9984943e+01   1.8232108e+03
  -1.2682236e+01  -5.9772961e+01   1.8262944e+03
  -1.2682236e+01  -5.9511662e+01   1.8293782e+03
  -1.2682236e+01  -5.9119831e+01   1.7831237e+03
  -1.2682236e+01  -5.8428162e+01   1.7810294e+03
  -1.2682236e+01  -5.8428162e+01   1.8322762e+03
  -1.2682236e+01  -5.8320591e+01   1.8324618e+03
  -1.2682236e+01  -5.8046803e+01   1.7800400e+03
  -1.2682236e+01  -5.6507511e+01   1.8355454e+03
  -1.2682236e+01  -5.5961391e+01   1.7769563e+03
  -1.2682236e+01  -5.5344528e+01   1.7764175e+03
  -1.2682236e+01  -5.5344528e+01   1.8377625e+03
  -1.2682236e+01  -5.4781784e+01   1.8386290e+03
  -1.2682236e+01  -5.2704308e+01   1.8417126e+03
  -1.2682236e+01  -5.2260895e+01   1.7749326e+03
  -1.2682236e+01  -5.2260895e+01   1.8422181e+03
  -1.2682236e+01  -4.9696362e+01   1.8447963e+03
  -1.2682236e+01  -4.9177261e+01   1.7742167e+03
  -1.2682236e+01  -4.9177261e+01   1.8457126e+03
  -1.2682236e+01  -4.8148251e+01   1.8478799e+03
  -1.2682236e+01  -4.6672432e+01   1.8509635e+03
  -1.2682236e+01  -4.6093628e+01   1.7739596e+03
  -1.2682236e+01  -4.6093628e+01   1.8529030e+03
  -1.2682236e+01  -4.5972458e+01   1.8540471e+03
  -1.2682236e+01  -4.5657234e+01   1.8571309e+03
  -1.2682236e+01  -4.4284058e+01   1.8602145e+03
  -1.2682236e+01  -4.3009995e+01   1.7739513e+03
  -1.2682236e+01  -4.3009995e+01   1.8611594e+03
  -1.2682236e+01  -4.0088051e+01   1.8170436e+03
  -1.2682236e+01  -3.9928757e+01   1.8139600e+03
  -1.2682236e+01  -3.9926361e+01   1.7738757e+03
  -1.2682236e+01  -3.9926361e+01   1.8139409e+03
  -1.2682236e+01  -3.9926361e+01   1.8187164e+03
  -1.2682236e+01  -3.9926361e+01   1.8611639e+03
  -1.2682236e+01  -3.9783169e+01   1.8016254e+03
  -1.2682236e+01  -3.9718002e+01   1.8047090e+03
  -1.2682236e+01  -3.9578941e+01   1.8201272e+03
  -1.2682236e+01  -3.9536449e+01   1.8108763e+03
  -1.2682236e+01  -3.9339409e+01   1.8077927e+03
  -1.2682236e+01  -3.8849689e+01   1.7738727e+03
  -1.2682236e+01  -3.8462498e+01   1.8232108e+03
  -1.2682236e+01  -3.8144753e+01   1.7985417e+03
  -1.2682236e+01  -3.7478172e+01   1.8262944e+03
  -1.2682236e+01  -3.7342121e+01   1.8602145e+03
  -1.2682236e+01  -3.6864773e+01   1.7954581e+03
  -1.2682236e+01  -3.6842728e+01   1.7738126e+03
  -1.2682236e+01  -3.6842728e+01   1.7950924e+03
  -1.2682236e+01  -3.6842728e+01   1.8280350e+03
  -1.2682236e+01  -3.6842728e+01   1.8600626e+03
  -1.2682236e+01  -3.6178246e+01   1.8293782e+03
  -1.2682236e+01  -3.5519817e+01   1.7923745e+03
  -1.2682236e+01  -3.4999527e+01   1.7738727e+03
  -1.2682236e+01  -3.4129250e+01   1.8324618e+03
  -1.2682236e+01  -3.3759094e+01   1.7741080e+03
  -1.2682236e+01  -3.3759094e+01   1.7905670e+03
  -1.2682236e+01  -3.3759094e+01   1.8329424e+03
  -1.2682236e+01  -3.3759094e+01   1.8590394e+03
  -1.2682236e+01  -3.2512360e+01   1.7892909e+03
  -1.2682236e+01  -3.1626717e+01   1.8355454e+03
  -1.2682236e+01  -3.0675461e+01   1.7754874e+03
  -1.2682236e+01  -3.0675461e+01   1.7872711e+03
  -1.2682236e+01  -3.0675461e+01   1.8366731e+03
  -1.2682236e+01  -3.0675461e+01   1.8576550e+03
  -1.2682236e+01  -2.9835838e+01   1.7862073e+03
  -1.2682236e+01  -2.9675014e+01   1.8571309e+03
  -1.2682236e+01  -2.8923336e+01   1.8386290e+03
  -1.2682236e+01  -2.7866257e+01   1.7769563e+03
  -1.2682236e+01  -2.7591827e+01   1.7770911e+03
  -1.2682236e+01  -2.7591827e+01   1.7838522e+03
  -1.2682236e+01  -2.7591827e+01   1.8399076e+03
  -1.2682236e+01  -2.7591827e+01   1.8563491e+03
  -1.2682236e+01  -2.6876968e+01   1.7831237e+03
  -1.2682236e+01  -2.6277718e+01   1.8417126e+03
  -1.2682236e+01  -2.5561554e+01   1.7800400e+03
  -1.2682236e+01  -2.4671951e+01   1.8447963e+03
  -1.2682236e+01  -2.4508194e+01   1.8451625e+03
  -1.2682236e+01  -2.4508194e+01   1.8542225e+03
  -1.2682236e+01  -2.4385071e+01   1.8540471e+03
  -1.2682236e+01  -2.3707703e+01   1.8478799e+03
  -1.2682236e+01  -2.3415283e+01   1.8509635e+03
  -1.2516975e+01  -3.9926361e+01   1.8016254e+03
  -1.2488674e+01  -2.4508194e+01   1.8540471e+03
  -1.2406754e+01  -3.9926361e+01   1.8047090e+03
  -1.2359215e+01  -6.1511795e+01   1.8108763e+03
  -1.2256050e+01  -5.2260895e+01   1.8417126e+03
  -1.2195313e+01  -3.6842728e+01   1.7738727e+03
  -1.2125340e+01  -2.4508194e+01   1.8478799e+03
  -1.2081974e+01  -4.9177261e+01   1.8447963e+03
  -1.1822056e+01  -3.6842728e+01   1.8602145e+03
  -1.1732056e+01  -2.4508194e+01   1.8509635e+03
  -1.1657372e+01  -4.6093628e+01   1.8509635e+03
  -1.1631184e+01  -3.9926361e+01   1.8077927e+03
  -1.1510406e+01  -6.1511795e+01   1.8077927e+03
  -1.1414616e+01  -3.9926361e+01   1.8108763e+03
  -1.1409237e+01  -6.1511795e+01   1.8047090e+03
  -1.1319519e+01  -6.1511795e+01   1.8016254e+03
  -1.1218597e+01  -6.1511795e+01   1.7985417e+03
  -1.1074005e+01  -6.1511795e+01   1.7923745e+03
  -1.1071728e+01  -6.1511795e+01   1.7954581e+03
  -1.1025150e+01  -3.9926361e+01   1.7985417e+03
  -1.0942310e+01  -3.9926361e+01   1.8201272e+03
  -1.0913174e+01  -3.0675461e+01   1.7862073e+03
  -1.0700485e+01  -5.5344528e+01   1.8355454e+03
  -1.0606148e+01  -4.3009995e+01   1.8602145e+03
  -1.0590733e+01  -2.7591827e+01   1.8417126e+03
  -1.0539707e+01  -5.8428162e+01   1.7831237e+03
  -1.0449451e+01  -3.3759094e+01   1.7892909e+03
  -1.0345585e+01  -4.6093628e+01   1.8478799e+03
  -1.0256798e+01  -2.7591827e+01   1.7831237e+03
  -1.0221268e+01  -5.8428162e+01   1.8293782e+03
  -9.8395462e+00  -2.7591827e+01   1.8447963e+03
  -9.7975235e+00  -5.8428162e+01   1.8262944e+03
  -9.7789726e+00  -5.5344528e+01   1.7769563e+03
  -9.5986023e+00  -6.0795151e+01   1.7923745e+03
  -9.5986023e+00  -6.0592876e+01   1.7954581e+03
  -9.5986023e+00  -6.0256668e+01   1.7985417e+03
  -9.5986023e+00  -6.0090645e+01   1.7892909e+03
  -9.5986023e+00  -5.9959885e+01   1.8077927e+03
  -9.5986023e+00  -5.9909168e+01   1.8016254e+03
  -9.5986023e+00  -5.9881268e+01   1.8047090e+03
  -9.5986023e+00  -5.9791748e+01   1.8108763e+03
  -9.5986023e+00  -5.9278191e+01   1.8139600e+03
  -9.5986023e+00  -5.9135494e+01   1.8170436e+03
  -9.5986023e+00  -5.8949547e+01   1.8201272e+03
  -9.5986023e+00  -5.8734119e+01   1.7862073e+03
  -9.5986023e+00  -5.8446743e+01   1.8232108e+03
  -9.5986023e+00  -5.8428162e+01   1.7851466e+03
  -9.5986023e+00  -5.8428162e+01   1.8233777e+03
  -9.5986023e+00  -5.8290958e+01   1.8262944e+03
  -9.5986023e+00  -5.8013016e+01   1.7831237e+03
  -9.5986023e+00  -5.7917839e+01   1.8293782e+03
  -9.5986023e+00  -5.7187878e+01   1.7800400e+03
  -9.5986023e+00  -5.6320599e+01   1.8324618e+03
  -9.5986023e+00  -5.5344528e+01   1.7770403e+03
  -9.5986023e+00  -5.5344528e+01   1.8339546e+03
  -9.5986023e+00  -5.5273548e+01   1.7769563e+03
  -9.5986023e+00  -5.4675613e+01   1.8355454e+03
  -9.5986023e+00  -5.2935616e+01   1.8386290e+03
  -9.5986023e+00  -5.2260895e+01   1.7750237e+03
  -9.5986023e+00  -5.2260895e+01   1.8393087e+03
  -9.5986023e+00  -4.9371761e+01   1.8417126e+03
  -9.5986023e+00  -4.9177261e+01   1.7741289e+03
  -9.5986023e+00  -4.9177261e+01   1.8418551e+03
  -9.5986023e+00  -4.6473808e+01   1.8447963e+03
  -9.5986023e+00  -4.6093628e+01   1.7741750e+03
  -9.5986023e+00  -4.6093628e+01   1.8456561e+03
  -9.5986023e+00  -4.5040340e+01   1.8478799e+03
  -9.5986023e+00  -4.4185814e+01   1.8540471e+03
  -9.5986023e+00  -4.4037781e+01   1.8509635e+03
  -9.5986023e+00  -4.3970463e+01   1.8571309e+03
  -9.5986023e+00  -4.3009995e+01   1.7745973e+03
  -9.5986023e+00  -4.3009995e+01   1.8591659e+03
  -9.5986023e+00  -4.2389565e+01   1.8016254e+03
  -9.5986023e+00  -4.2049301e+01   1.8047090e+03
  -9.5986023e+00  -4.1864925e+01   1.8602145e+03
  -9.5986023e+00  -4.1518959e+01   1.7985417e+03
  -9.5986023e+00  -4.1331860e+01   1.8077927e+03
  -9.5986023e+00  -4.0661396e+01   1.8170436e+03
  -9.5986023e+00  -4.0618290e+01   1.8108763e+03
  -9.5986023e+00  -4.0473064e+01   1.8139600e+03
  -9.5986023e+00  -4.0305489e+01   1.8201272e+03
  -9.5986023e+00  -3.9926361e+01   1.7743689e+03
  -9.5986023e+00  -3.9926361e+01   1.7962552e+03
  -9.5986023e+00  -3.9926361e+01   1.8218104e+03
  -9.5986023e+00  -3.9926361e+01   1.8607863e+03
  -9.5986023e+00  -3.9554295e+01   1.8232108e+03
  -9.5986023e+00  -3.9427746e+01   1.7954581e+03
  -9.5986023e+00  -3.7918438e+01   1.8262944e+03
  -9.5986023e+00  -3.6842728e+01   1.7746062e+03
  -9.5986023e+00  -3.6842728e+01   1.7924376e+03
  -9.5986023e+00  -3.6842728e+01   1.8281027e+03
  -9.5986023e+00  -3.6842728e+01   1.8603442e+03
  -9.5986023e+00  -3.6779259e+01   1.7923745e+03
  -9.5986023e+00  -3.6496105e+01   1.8602145e+03
  -9.5986023e+00  -3.6242413e+01   1.8293782e+03
  -9.5986023e+00  -3.4253017e+01   1.8324618e+03
  -9.5986023e+00  -3.4059620e+01   1.7892909e+03
  -9.5986023e+00  -3.3759094e+01   1.7750883e+03
  -9.5986023e+00  -3.3759094e+01   1.7889220e+03
  -9.5986023e+00  -3.3759094e+01   1.8330449e+03
  -9.5986023e+00  -3.3759094e+01   1.8594397e+03
  -9.5986023e+00  -3.1435299e+01   1.8355454e+03
  -9.5986023e+00  -3.1373360e+01   1.7862073e+03
  -9.5986023e+00  -3.0675461e+01   1.7757517e+03
  -9.5986023e+00  -3.0675461e+01   1.7854849e+03
  -9.5986023e+00  -3.0675461e+01   1.8363990e+03
  -9.5986023e+00  -3.0675461e+01   1.8581522e+03
  -9.5986023e+00  -2.9340210e+01   1.8571309e+03
  -9.5986023e+00  -2.9048336e+01   1.8386290e+03
  -9.5986023e+00  -2.8024254e+01   1.7769563e+03
  -9.5986023e+00  -2.7957100e+01   1.8417126e+03
  -9.5986023e+00  -2.7923698e+01   1.7831237e+03
  -9.5986023e+00  -2.7753769e+01   1.8447963e+03
  -9.5986023e+00  -2.7591827e+01   1.7772527e+03
  -9.5986023e+00  -2.7591827e+01   1.7829091e+03
  -9.5986023e+00  -2.7591827e+01   1.8470812e+03
  -9.5986023e+00  -2.7591827e+01   1.8556661e+03
  -9.5986023e+00  -2.7504028e+01   1.8478799e+03
  -9.5986023e+00  -2.6855194e+01   1.8509635e+03
  -9.5986023e+00  -2.6760056e+01   1.8540471e+03
  -9.5986023e+00  -2.6058762e+01   1.7800400e+03
  -9.5654144e+00  -5.8428162e+01   1.8232108e+03
  -9.5243721e+00  -2.7591827e+01   1.8478799e+03
  -9.4640808e+00  -4.9177261e+01   1.8417126e+03
  -9.4319115e+00  -3.6842728e+01   1.7923745e+03
  -9.2986908e+00  -4.6093628e+01   1.8447963e+03
  -9.0736656e+00  -5.8428162e+01   1.7862073e+03
  -8.9880943e+00  -2.7591827e+01   1.8509635e+03
  -8.9870682e+00  -3.9926361e+01   1.7954581e+03
  -8.8843575e+00  -3.9926361e+01   1.8232108e+03
  -8.8330269e+00  -5.2260895e+01   1.8386290e+03
  -8.7933159e+00  -4.3009995e+01   1.8509635e+03
  -8.7642975e+00  -2.7591827e+01   1.8540471e+03
  -8.7576561e+00  -4.3009995e+01   1.8016254e+03
  -8.6468315e+00  -5.8428162e+01   1.8201272e+03
  -8.6214447e+00  -3.6842728e+01   1.8602145e+03
  -8.5192604e+00  -4.3009995e+01   1.8571309e+03
  -8.4578476e+00  -4.3009995e+01   1.8478799e+03
  -8.4520607e+00  -3.9926361e+01   1.8602145e+03
  -8.3671684e+00  -5.5344528e+01   1.8324618e+03
  -8.3473930e+00  -4.3009995e+01   1.8540471e+03
  -8.2137718e+00  -4.3009995e+01   1.8047090e+03
  -8.1832809e+00  -5.8428162e+01   1.8016254e+03
  -8.0540314e+00  -4.3009995e+01   1.7985417e+03
  -7.7392693e+00  -5.8428162e+01   1.8170436e+03
  -7.6844254e+00  -5.8428162e+01   1.8047090e+03
  -7.6733437e+00  -5.8428162e+01   1.7985417e+03
  -7.4551201e+00  -3.0675461e+01   1.8478799e+03
  -7.3443336e+00  -3.9926361e+01   1.8478799e+03
  -7.3365364e+00  -5.8428162e+01   1.8077927e+03
  -7.1843071e+00  -3.0675461e+01   1.8571309e+03
  -7.1075439e+00  -4.3009995e+01   1.8447963e+03
  -7.0969009e+00  -4.3009995e+01   1.8077927e+03
  -7.0574188e+00  -5.8428162e+01   1.8139600e+03
  -6.9646950e+00  -3.6842728e+01   1.8293782e+03
  -6.9556847e+00  -3.9926361e+01   1.8509635e+03
  -6.9397125e+00  -5.8428162e+01   1.8108763e+03
  -6.9290314e+00  -5.8428162e+01   1.7954581e+03
  -6.9212265e+00  -5.8428162e+01   1.7892909e+03
  -6.8920784e+00  -3.0675461e+01   1.8447963e+03
  -6.8751030e+00  -3.0675461e+01   1.8509635e+03
  -6.8529396e+00  -4.6093628e+01   1.8417126e+03
  -6.6440048e+00  -3.6842728e+01   1.8478799e+03
  -6.6347542e+00  -5.8428162e+01   1.7923745e+03
  -6.5638580e+00  -5.5344528e+01   1.7800400e+03
  -6.5486832e+00  -5.5344528e+01   1.8293782e+03
  -6.5149689e+00  -5.8318691e+01   1.7923745e+03
  -6.5149689e+00  -5.8261372e+01   1.8108763e+03
  -6.5149689e+00  -5.8202259e+01   1.8139600e+03
  -6.5149689e+00  -5.8190002e+01   1.7892909e+03
  -6.5149689e+00  -5.8071194e+01   1.7954581e+03
  -6.5149689e+00  -5.8011482e+01   1.8077927e+03
  -6.5149689e+00  -5.7891483e+01   1.8170436e+03
  -6.5149689e+00  -5.7691978e+01   1.8047090e+03
  -6.5149689e+00  -5.7557247e+01   1.7985417e+03
  -6.5149689e+00  -5.7352219e+01   1.8016254e+03
  -6.5149689e+00  -5.7301701e+01   1.8201272e+03
  -6.5149689e+00  -5.7219879e+01   1.7862073e+03
  -6.5149689e+00  -5.6615532e+01   1.8232108e+03
  -6.5149689e+00  -5.6204483e+01   1.7831237e+03
  -6.5149689e+00  -5.6069977e+01   1.8262944e+03
  -6.5149689e+00  -5.5344528e+01   1.7801692e+03
  -6.5149689e+00  -5.5344528e+01   1.8292986e+03
  -6.5149689e+00  -5.5316792e+01   1.8293782e+03
  -6.5149689e+00  -5.5305275e+01   1.7800400e+03
  -6.5149689e+00  -5.4070953e+01   1.8324618e+03
  -6.5149689e+00  -5.3758518e+01   1.7769563e+03
  -6.5149689e+00  -5.2617722e+01   1.8355454e+03
  -6.5149689e+00  -5.2260895e+01   1.7755493e+03
  -6.5149689e+00  -5.2260895e+01   1.8361907e+03
  -6.5149689e+00  -4.9859089e+01   1.8386290e+03
  -6.5149689e+00  -4.9177261e+01   1.7742305e+03
  -6.5149689e+00  -4.9177261e+01   1.8391029e+03
  -6.5149689e+00  -4.6093628e+01   1.7744863e+03
  -6.5149689e+00  -4.6093628e+01   1.8414998e+03
  -6.5149689e+00  -4.5837181e+01   1.8417126e+03
  -6.5149689e+00  -4.4741405e+01   1.8016254e+03
  -6.5149689e+00  -4.4178665e+01   1.7985417e+03
  -6.5149689e+00  -4.4069771e+01   1.8047090e+03
  -6.5149689e+00  -4.3330120e+01   1.8077927e+03
  -6.5149689e+00  -4.3009995e+01   1.7750211e+03
  -6.5149689e+00  -4.3009995e+01   1.7961522e+03
  -6.5149689e+00  -4.3009995e+01   1.8096057e+03
  -6.5149689e+00  -4.3009995e+01   1.8439315e+03
  -6.5149689e+00  -4.2451988e+01   1.8108763e+03
  -6.5149689e+00  -4.2282505e+01   1.8170436e+03
  -6.5149689e+00  -4.2275127e+01   1.8201272e+03
  -6.5149689e+00  -4.2275082e+01   1.7954581e+03
  -6.5149689e+00  -4.1835430e+01   1.8139600e+03
  -6.5149689e+00  -4.1722980e+01   1.8232108e+03
  -6.5149689e+00  -4.1515171e+01   1.8447963e+03
  -6.5149689e+00  -4.0321102e+01   1.8540471e+03
  -6.5149689e+00  -4.0069912e+01   1.8571309e+03
  -6.5149689e+00  -3.9926361e+01   1.7749998e+03
  -6.5149689e+00  -3.9926361e+01   1.7937278e+03
  -6.5149689e+00  -3.9926361e+01   1.8258562e+03
  -6.5149689e+00  -3.9926361e+01   1.8454312e+03
  -6.5149689e+00  -3.9926361e+01   1.8529611e+03
  -6.5149689e+00  -3.9926361e+01   1.8573422e+03
  -6.5149689e+00  -3.9343838e+01   1.8262944e+03
  -6.5149689e+00  -3.8691826e+01   1.8509635e+03
  -6.5149689e+00  -3.8076721e+01   1.7923745e+03
  -6.5149689e+00  -3.7105797e+01   1.8293782e+03
  -6.5149689e+00  -3.6842728e+01   1.7753679e+03
  -6.5149689e+00  -3.6842728e+01   1.7913058e+03
  -6.5149689e+00  -3.6842728e+01   1.8300394e+03
  -6.5149689e+00  -3.6842728e+01   1.8470919e+03
  -6.5149689e+00  -3.6842728e+01   1.8496267e+03
  -6.5149689e+00  -3.6842728e+01   1.8587142e+03
  -6.5149689e+00  -3.6129963e+01   1.8478799e+03
  -6.5149689e+00  -3.5202282e+01   1.8324618e+03
  -6.5149689e+00  -3.5155083e+01   1.7892909e+03
  -6.5149689e+00  -3.3759094e+01   1.7757000e+03
  -6.5149689e+00  -3.3759094e+01   1.7873148e+03
  -6.5149689e+00  -3.3759094e+01   1.8339926e+03
  -6.5149689e+00  -3.3759094e+01   1.8583020e+03
  -6.5149689e+00  -3.3440071e+01   1.8478799e+03
  -6.5149689e+00  -3.2996815e+01   1.7862073e+03
  -6.5149689e+00  -3.2333172e+01   1.8355454e+03
  -6.5149689e+00  -3.1529877e+01   1.8509635e+03
  -6.5149689e+00  -3.1513397e+01   1.8571309e+03
  -6.5149689e+00  -3.1380913e+01   1.8447963e+03
  -6.5149689e+00  -3.0675461e+01   1.7763462e+03
  -6.5149689e+00  -3.0675461e+01   1.7840134e+03
  -6.5149689e+00  -3.0675461e+01   1.8380436e+03
  -6.5149689e+00  -3.0675461e+01   1.8435677e+03
  -6.5149689e+00  -3.0675461e+01   1.8523317e+03
  -6.5149689e+00  -3.0675461e+01   1.8559636e+03
  -6.5149689e+00  -3.0434216e+01   1.8386290e+03
  -6.5149689e+00  -3.0282455e+01   1.8540471e+03
  -6.5149689e+00  -3.0105438e+01   1.8417126e+03
  -6.5149689e+00  -2.9266521e+01   1.7831237e+03
  -6.5149689e+00  -2.9245293e+01   1.7769563e+03
  -6.5149689e+00  -2.7591827e+01   1.7783650e+03
  -6.5149689e+00  -2.7591827e+01   1.7817253e+03
  -6.5149689e+00  -2.7115700e+01   1.7800400e+03
  -6.4771271e+00  -3.3759094e+01   1.8478799e+03
  -6.4564896e+00  -3.9926361e+01   1.8571309e+03
  -6.3070717e+00  -3.0675461e+01   1.8540471e+03
  -6.3068275e+00  -3.9926361e+01   1.8540471e+03
  -6.2692719e+00  -3.0675461e+01   1.8386290e+03
  -6.0871964e+00  -3.0675461e+01   1.8417126e+03
  -6.0227776e+00  -3.9926361e+01   1.8447963e+03
  -6.0210648e+00  -3.6842728e+01   1.8509635e+03
  -5.9833641e+00  -5.2260895e+01   1.8355454e+03
  -5.9584770e+00  -3.3759094e+01   1.8509635e+03
  -5.8651543e+00  -3.9926361e+01   1.8262944e+03
  -5.8579102e+00  -4.3009995e+01   1.8201272e+03
  -5.7970581e+00  -4.3009995e+01   1.7954581e+03
  -5.7732582e+00  -4.3009995e+01   1.8170436e+03
  -5.7415657e+00  -4.3009995e+01   1.8108763e+03
  -5.7266693e+00  -4.9177261e+01   1.8386290e+03
  -5.6936607e+00  -3.3759094e+01   1.8571309e+03
  -5.6665535e+00  -3.6842728e+01   1.8571309e+03
  -5.5530319e+00  -3.3759094e+01   1.8447963e+03
  -5.3753090e+00  -4.3009995e+01   1.8232108e+03
  -5.3678360e+00  -5.5344528e+01   1.7831237e+03
  -5.3600655e+00  -5.5344528e+01   1.8262944e+03
  -5.2282524e+00  -3.6842728e+01   1.8447963e+03
  -5.2119865e+00  -3.3759094e+01   1.8355454e+03
  -5.1797028e+00  -4.3009995e+01   1.8139600e+03
  -5.1470413e+00  -3.3759094e+01   1.8540471e+03
  -5.1032753e+00  -3.6842728e+01   1.8540471e+03
  -4.9313583e+00  -4.6093628e+01   1.8016254e+03
  -4.8279076e+00  -3.3759094e+01   1.7862073e+03
  -4.6322403e+00  -3.6842728e+01   1.8324618e+03
  -4.5583801e+00  -5.5344528e+01   1.7954581e+03
  -4.5498047e+00  -5.2260895e+01   1.7769563e+03
  -4.3528366e+00  -4.3009995e+01   1.8417126e+03
  -4.2264519e+00  -4.6093628e+01   1.7985417e+03
  -4.1358566e+00  -3.3759094e+01   1.8417126e+03
  -4.1322556e+00  -5.5344528e+01   1.7923745e+03
  -4.1170044e+00  -3.9926361e+01   1.7923745e+03
  -4.0381165e+00  -5.2260895e+01   1.8324618e+03
  -3.9660416e+00  -3.3759094e+01   1.8386290e+03
  -3.8974686e+00  -5.5344528e+01   1.8232108e+03
  -3.8839493e+00  -3.6842728e+01   1.7892909e+03
  -3.6851807e+00  -3.9926361e+01   1.8417126e+03
  -3.6160965e+00  -4.6093628e+01   1.8047090e+03
  -3.6130371e+00  -5.5344528e+01   1.7862073e+03
  -3.5682068e+00  -5.5344528e+01   1.7985417e+03
  -3.4313354e+00  -5.7842342e+01   1.8108763e+03
  -3.4313354e+00  -5.7673702e+01   1.8139600e+03
  -3.4313354e+00  -5.7423996e+01   1.8077927e+03
  -3.4313354e+00  -5.7104652e+01   1.8170436e+03
  -3.4313354e+00  -5.6869236e+01   1.8047090e+03
  -3.4313354e+00  -5.6197174e+01   1.8201272e+03
  -3.4313354e+00  -5.6152081e+01   1.8016254e+03
  -3.4313354e+00  -5.5507034e+01   1.7892909e+03
  -3.4313354e+00  -5.5344528e+01   1.7882336e+03
  -3.4313354e+00  -5.5344528e+01   1.7906864e+03
  -3.4313354e+00  -5.5344528e+01   1.7989121e+03
  -3.4313354e+00  -5.5344528e+01   1.8226799e+03
  -3.4313354e+00  -5.5267555e+01   1.7985417e+03
  -3.4313354e+00  -5.5222473e+01   1.7862073e+03
  -3.4313354e+00  -5.5167694e+01   1.8232108e+03
  -3.4313354e+00  -5.4157669e+01   1.8262944e+03
  -3.4313354e+00  -5.4135544e+01   1.7831237e+03
  -3.4313354e+00  -5.4066002e+01   1.7923745e+03
  -3.4313354e+00  -5.4065998e+01   1.7954581e+03
  -3.4313354e+00  -5.2908432e+01   1.8293782e+03
  -3.4313354e+00  -5.2590611e+01   1.7800400e+03
  -3.4313354e+00  -5.2260895e+01   1.7793784e+03
  -3.4313354e+00  -5.2260895e+01   1.8309907e+03
  -3.4313354e+00  -5.1754581e+01   1.8324618e+03
  -3.4313354e+00  -5.0777065e+01   1.7769563e+03
  -3.4313354e+00  -4.9834816e+01   1.8355454e+03
  -3.4313354e+00  -4.9177261e+01   1.7757515e+03
  -3.4313354e+00  -4.9177261e+01   1.8362930e+03
  -3.4313354e+00  -4.7697136e+01   1.8016254e+03
  -3.4313354e+00  -4.7028900e+01   1.7985417e+03
  -3.4313354e+00  -4.6995892e+01   1.8386290e+03
  -3.4313354e+00  -4.6231400e+01   1.8047090e+03
  -3.4313354e+00  -4.6093628e+01   1.7752035e+03
  -3.4313354e+00  -4.6093628e+01   1.7972455e+03
  -3.4313354e+00  -4.6093628e+01   1.8050219e+03
  -3.4313354e+00  -4.6093628e+01   1.8397200e+03
  -3.4313354e+00  -4.5387753e+01   1.8201272e+03
  -3.4313354e+00  -4.5345768e+01   1.8170436e+03
  -3.4313354e+00  -4.5336143e+01   1.8077927e+03
  -3.4313354e+00  -4.5102097e+01   1.7954581e+03
  -3.4313354e+00  -4.4973042e+01   1.8232108e+03
  -3.4313354e+00  -4.4724236e+01   1.8108763e+03
  -3.4313354e+00  -4.4672497e+01   1.8139600e+03
  -3.4313354e+00  -4.3009995e+01   1.7754796e+03
  -3.4313354e+00  -4.3009995e+01   1.7935049e+03
  -3.4313354e+00  -4.3009995e+01   1.8259518e+03
  -3.4313354e+00  -4.3009995e+01   1.8411849e+03
  -3.4313354e+00  -4.2508625e+01   1.8262944e+03
  -3.4313354e+00  -4.0836140e+01   1.7923745e+03
  -3.4313354e+00  -3.9926361e+01   1.7758762e+03
  -3.4313354e+00  -3.9926361e+01   1.7919723e+03
  -3.4313354e+00  -3.9926361e+01   1.8285918e+03
  -3.4313354e+00  -3.9926361e+01   1.8413706e+03
  -3.4313354e+00  -3.9424751e+01   1.8293782e+03
  -3.4313354e+00  -3.8717369e+01   1.8417126e+03
  -3.4313354e+00  -3.8049801e+01   1.8324618e+03
  -3.4313354e+00  -3.7271847e+01   1.7892909e+03
  -3.4313354e+00  -3.6842728e+01   1.7759985e+03
  -3.4313354e+00  -3.6842728e+01   1.7885361e+03
  -3.4313354e+00  -3.6842728e+01   1.8347743e+03
  -3.4313354e+00  -3.6842728e+01   1.8420244e+03
  -3.4313354e+00  -3.6435219e+01   1.8355454e+03
  -3.4313354e+00  -3.5407333e+01   1.8417126e+03
  -3.4313354e+00  -3.4717964e+01   1.8386290e+03
  -3.4313354e+00  -3.4542759e+01   1.7862073e+03
  -3.4313354e+00  -3.3759094e+01   1.7761989e+03
  -3.4313354e+00  -3.3759094e+01   1.7853502e+03
  -3.4313354e+00  -3.0675461e+01   1.7768623e+03
  -3.4313354e+00  -3.0675461e+01   1.7832651e+03
  -3.4313354e+00  -3.0389988e+01   1.7769563e+03
  -3.4313354e+00  -3.0271072e+01   1.7831237e+03
  -3.4313354e+00  -2.7591827e+01   1.7793231e+03
  -3.4313354e+00  -2.7591827e+01   1.7806687e+03
  -3.4313354e+00  -2.7509537e+01   1.7800400e+03
  -3.3222885e+00  -5.5344528e+01   1.7892909e+03
  -3.2768784e+00  -3.6842728e+01   1.8417126e+03
  -3.1955490e+00  -3.6842728e+01   1.8355454e+03
  -3.1169968e+00  -3.0675461e+01   1.7769563e+03
  -3.1124878e+00  -5.2260895e+01   1.7800400e+03
  -2.9899368e+00  -4.3009995e+01   1.8262944e+03
  -2.8872757e+00  -4.9177261e+01   1.8355454e+03
  -2.8332443e+00  -3.9926361e+01   1.8293782e+03
  -2.6866379e+00  -4.6093628e+01   1.8201272e+03
  -2.6803513e+00  -3.0675461e+01   1.7831237e+03
  -2.6294479e+00  -3.6842728e+01   1.8386290e+03
  -2.5513382e+00  -4.6093628e+01   1.8170436e+03
  -2.4879532e+00  -5.2260895e+01   1.8293782e+03
  -2.4619141e+00  -4.6093628e+01   1.8386290e+03
  -2.3793869e+00  -4.6093628e+01   1.8077927e+03
  -2.3667984e+00  -4.6093628e+01   1.7954581e+03
  -2.3550034e+00  -4.9177261e+01   1.8016254e+03
  -2.2332382e+00  -4.9177261e+01   1.7769563e+03
  -2.1734161e+00  -2.7591827e+01   1.7800400e+03
  -1.9881668e+00  -4.6093628e+01   1.8232108e+03
  -1.9128494e+00  -4.3009995e+01   1.7923745e+03
  -1.8678360e+00  -4.9177261e+01   1.7985417e+03
  -1.7341156e+00  -3.9926361e+01   1.8386290e+03
  -1.5410919e+00  -4.6093628e+01   1.8108763e+03
  -1.4697952e+00  -5.2260895e+01   1.7923745e+03
  -1.3862762e+00  -3.9926361e+01   1.8324618e+03
  -1.3861694e+00  -4.6093628e+01   1.8139600e+03
  -1.3657684e+00  -3.6842728e+01   1.7862073e+03
  -1.3236618e+00  -5.5344528e+01   1.8016254e+03
  -1.2500839e+00  -5.2260895e+01   1.7892909e+03
  -1.1274185e+00  -4.3009995e+01   1.8386290e+03
  -1.1176682e+00  -3.9926361e+01   1.7892909e+03
  -1.0955811e+00  -5.2260895e+01   1.7954581e+03
  -1.0761185e+00  -3.9926361e+01   1.8355454e+03
  -9.6819305e-01  -3.3759094e+01   1.7769563e+03
  -9.6308136e-01  -4.9177261e+01   1.8047090e+03
  -7.7497101e-01  -5.2260895e+01   1.7831237e+03
  -7.7137756e-01  -5.2260895e+01   1.7985417e+03
  -7.5057983e-01  -3.6842728e+01   1.7769563e+03
  -6.9853973e-01  -4.9177261e+01   1.8324618e+03
  -6.2761688e-01  -5.2260895e+01   1.7862073e+03
  -5.8496857e-01  -4.9177261e+01   1.7954581e+03
  -5.5774689e-01  -4.6093628e+01   1.8355454e+03
  -5.5413818e-01  -5.2260895e+01   1.8016254e+03
  -3.4770203e-01  -5.7736107e+01   1.8108763e+03
  -3.4770203e-01  -5.7521202e+01   1.8077927e+03
  -3.4770203e-01  -5.7519653e+01   1.8139600e+03
  -3.4770203e-01  -5.6933292e+01   1.8170436e+03
  -3.4770203e-01  -5.6557129e+01   1.8047090e+03
  -3.4770203e-01  -5.5801620e+01   1.8201272e+03
  -3.4770203e-01  -5.5344528e+01   1.8027834e+03
  -3.4770203e-01  -5.5344528e+01   1.8211326e+03
  -3.4770203e-01  -5.4197678e+01   1.8232108e+03
  -3.4770203e-01  -5.2522190e+01   1.8262944e+03
  -3.4770203e-01  -5.2260895e+01   1.8025790e+03
  -3.4770203e-01  -5.2260895e+01   1.8267544e+03
  -3.4770203e-01  -5.1845577e+01   1.7831237e+03
  -3.4770203e-01  -5.1823586e+01   1.7862073e+03
  -3.4770203e-01  -5.1211918e+01   1.7923745e+03
  -3.4770203e-01  -5.1056934e+01   1.7892909e+03
  -3.4770203e-01  -5.0596153e+01   1.8293782e+03
  -3.4770203e-01  -5.0470436e+01   1.8047090e+03
  -3.4770203e-01  -4.9409027e+01   1.7800400e+03
  -3.4770203e-01  -4.9177261e+01   1.7796428e+03
  -3.4770203e-01  -4.9177261e+01   1.7946375e+03
  -3.4770203e-01  -4.9177261e+01   1.8058950e+03
  -3.4770203e-01  -4.9177261e+01   1.8317493e+03
  -3.4770203e-01  -4.8702583e+01   1.8324618e+03
  -3.4770203e-01  -4.8001324e+01   1.8201272e+03
  -3.4770203e-01  -4.7994648e+01   1.8077927e+03
  -3.4770203e-01  -4.7768951e+01   1.7769563e+03
  -3.4770203e-01  -4.7617012e+01   1.8170436e+03
  -3.4770203e-01  -4.7253746e+01   1.8232108e+03
  -3.4770203e-01  -4.7005554e+01   1.8108763e+03
  -3.4770203e-01  -4.6790932e+01   1.8139600e+03
  -3.4770203e-01  -4.6093628e+01   1.7757402e+03
  -3.4770203e-01  -4.6093628e+01   1.7926322e+03
  -3.4770203e-01  -4.6093628e+01   1.8256809e+03
  -3.4770203e-01  -4.6093628e+01   1.8352300e+03
  -3.4770203e-01  -4.5670033e+01   1.8355454e+03
  -3.4770203e-01  -4.5534351e+01   1.7923745e+03
  -3.4770203e-01  -4.5444942e+01   1.8262944e+03
  -3.4770203e-01  -4.3009995e+01   1.7759468e+03
  -3.4770203e-01  -4.3009995e+01   1.7910232e+03
  -3.4770203e-01  -4.3009995e+01   1.8286445e+03
  -3.4770203e-01  -4.3009995e+01   1.8365536e+03
  -3.4770203e-01  -4.2519676e+01   1.8293782e+03
  -3.4770203e-01  -4.1092640e+01   1.8355454e+03
  -3.4770203e-01  -4.1046082e+01   1.8324618e+03
  -3.4770203e-01  -4.1011452e+01   1.7892909e+03
  -3.4770203e-01  -3.9926361e+01   1.7768250e+03
  -3.4770203e-01  -3.9926361e+01   1.7880449e+03
  -3.4770203e-01  -3.8813362e+01   1.7769563e+03
  -3.4770203e-01  -3.7664513e+01   1.7862073e+03
  -3.4770203e-01  -3.6842728e+01   1.7770684e+03
  -3.4770203e-01  -3.6842728e+01   1.7858553e+03
  -3.4770203e-01  -3.3759094e+01   1.7770984e+03
  -3.4770203e-01  -3.3759094e+01   1.7843101e+03
  -3.4770203e-01  -3.1681290e+01   1.7831237e+03
  -3.4770203e-01  -3.0675461e+01   1.7778324e+03
  -3.4770203e-01  -3.0675461e+01   1.7826176e+03
  -3.4770203e-01  -2.8900017e+01   1.7800400e+03
  -1.3858032e-01  -4.9177261e+01   1.7800400e+03
  -1.0294342e-01  -4.6093628e+01   1.7923745e+03
   1.2964630e-01  -4.3009995e+01   1.8355454e+03
   2.0396423e-01  -4.3009995e+01   1.8293782e+03
   2.5131989e-01  -3.9926361e+01   1.7769563e+03
   2.7450562e-01  -5.2260895e+01   1.8262944e+03
   4.1541290e-01  -4.9177261e+01   1.7923745e+03
   6.4738464e-01  -5.2260895e+01   1.8047090e+03
   6.6096497e-01  -4.9177261e+01   1.8077927e+03
   7.2550964e-01  -4.6093628e+01   1.8262944e+03
   9.1585541e-01  -5.5344528e+01   1.8047090e+03
   1.0106125e+00  -4.3009995e+01   1.8324618e+03
   1.0731735e+00  -4.9177261e+01   1.8293782e+03
   1.2396088e+00  -4.6093628e+01   1.8324618e+03
   1.3056564e+00  -4.9177261e+01   1.7892909e+03
   1.3287048e+00  -4.9177261e+01   1.7831237e+03
   1.4219284e+00  -4.3009995e+01   1.7892909e+03
   1.4628601e+00  -4.9177261e+01   1.8201272e+03
   1.6231613e+00  -3.0675461e+01   1.7800400e+03
   1.7188568e+00  -4.9177261e+01   1.7862073e+03
   1.7347412e+00  -4.9177261e+01   1.8170436e+03
   1.7752380e+00  -4.6093628e+01   1.7769563e+03
   1.7877502e+00  -4.9177261e+01   1.8108763e+03
   1.9611053e+00  -4.9177261e+01   1.8139600e+03
   2.2010956e+00  -5.5344528e+01   1.8201272e+03
   2.2816544e+00  -4.6093628e+01   1.8293782e+03
   2.4693146e+00  -4.6093628e+01   1.7892909e+03
   2.6543961e+00  -4.3009995e+01   1.7769563e+03
   2.6561127e+00  -5.2260895e+01   1.8077927e+03
   2.7359314e+00  -5.7085602e+01   1.8108763e+03
   2.7359314e+00  -5.6968185e+01   1.8139600e+03
   2.7359314e+00  -5.6154526e+01   1.8170436e+03
   2.7359314e+00  -5.5588272e+01   1.8077927e+03
   2.7359314e+00  -5.5344528e+01   1.8076107e+03
   2.7359314e+00  -5.5344528e+01   1.8195886e+03
   2.7359314e+00  -5.5169201e+01   1.8201272e+03
   2.7359314e+00  -5.3383808e+01   1.8232108e+03
   2.7359314e+00  -5.2449951e+01   1.8077927e+03
   2.7359314e+00  -5.2260895e+01   1.8079377e+03
   2.7359314e+00  -5.2260895e+01   1.8250126e+03
   2.7359314e+00  -5.1166412e+01   1.8262944e+03
   2.7359314e+00  -5.0466690e+01   1.8108763e+03
   2.7359314e+00  -5.0302071e+01   1.8170436e+03
   2.7359314e+00  -5.0229004e+01   1.8201272e+03
   2.7359314e+00  -5.0144436e+01   1.8139600e+03
   2.7359314e+00  -4.9177261e+01   1.8229813e+03
   2.7359314e+00  -4.9177261e+01   1.8276409e+03
   2.7359314e+00  -4.9087463e+01   1.8232108e+03
   2.7359314e+00  -4.7939186e+01   1.8262944e+03
   2.7359314e+00  -4.7447819e+01   1.7862073e+03
   2.7359314e+00  -4.7261696e+01   1.7831237e+03
   2.7359314e+00  -4.6368900e+01   1.7800400e+03
   2.7359314e+00  -4.6093628e+01   1.7794313e+03
   2.7359314e+00  -4.6093628e+01   1.7888126e+03
   2.7359314e+00  -4.3009995e+01   1.7770428e+03
   2.7359314e+00  -4.3009995e+01   1.7880361e+03
   2.7359314e+00  -3.9926361e+01   1.7773680e+03
   2.7359314e+00  -3.9926361e+01   1.7863762e+03
   2.7359314e+00  -3.9452618e+01   1.7862073e+03
   2.7359314e+00  -3.6842728e+01   1.7775796e+03
   2.7359314e+00  -3.6842728e+01   1.7852219e+03
   2.7359314e+00  -3.3759094e+01   1.7785063e+03
   2.7359314e+00  -3.3759094e+01   1.7833994e+03
   2.7359314e+00  -3.3386280e+01   1.7831237e+03
   2.7359314e+00  -3.1995201e+01   1.7800400e+03
   2.8381271e+00  -5.5344528e+01   1.8077927e+03
   2.9178619e+00  -4.9177261e+01   1.8232108e+03
   3.0057983e+00  -4.6093628e+01   1.7800400e+03
   3.1929779e+00  -3.9926361e+01   1.7862073e+03
   3.2059860e+00  -3.3759094e+01   1.7831237e+03
   3.4065399e+00  -4.9177261e+01   1.8262944e+03
   3.6729431e+00  -4.6093628e+01   1.7862073e+03
   3.9144669e+00  -5.5344528e+01   1.8170436e+03
   3.9167786e+00  -3.3759094e+01   1.7800400e+03
   3.9380112e+00  -4.6093628e+01   1.7831237e+03
   3.9738693e+00  -5.2260895e+01   1.8108763e+03
   4.0684586e+00  -5.2260895e+01   1.8170436e+03
   4.1392136e+00  -5.2260895e+01   1.8201272e+03
   4.1806870e+00  -5.2260895e+01   1.8232108e+03
   4.4456635e+00  -5.2260895e+01   1.8139600e+03
   4.6800613e+00  -5.5344528e+01   1.8108763e+03
   4.7803497e+00  -4.3009995e+01   1.7862073e+03
   4.9956818e+00  -5.5344528e+01   1.8139600e+03
   5.5998001e+00  -4.3009995e+01   1.7800400e+03
   5.8195648e+00  -4.3963543e+01   1.7831237e+03
   5.8195648e+00  -4.3009995e+01   1.7801954e+03
   5.8195648e+00  -4.3009995e+01   1.7852014e+03
   5.8195648e+00  -4.2938976e+01   1.7800400e+03
   5.8195648e+00  -3.9926361e+01   1.7778330e+03
   5.8195648e+00  -3.9926361e+01   1.7850328e+03
   5.8195648e+00  -3.6842728e+01   1.7793014e+03
   5.8195648e+00  -3.6842728e+01   1.7835350e+03
   5.8195648e+00  -3.6346088e+01   1.7831237e+03
   5.8195648e+00  -3.6244980e+01   1.7800400e+03
   6.1295547e+00  -3.6842728e+01   1.7831237e+03
   6.2431564e+00  -3.6842728e+01   1.7800400e+03
   6.7981949e+00  -4.3009995e+01   1.7831237e+03
   7.4148407e+00  -3.9926361e+01   1.7831237e+03
   7.7810898e+00  -3.9926361e+01   1.7800400e+03
