-5.471870853003292900e+00 -4.164069169867255837e+00 1.018669039634040097e+00
-8.616368921134871073e+00 -5.690697159734075861e+00 6.838601926651366014e+00
-9.981777965357531812e+00 -6.951449002314816994e+00 1.265853481366869104e+01
-1.047295709922501672e+01 -7.476059318302993972e+00 1.847846770068601785e+01
-1.011433540066662751e+01 -7.670605722006371252e+00 2.429840058770334466e+01
-8.168265540531644220e+00 -7.368261521328455466e+00 3.011833347472067146e+01
-7.778996622564418040e+00 -6.886862180810853218e+00 3.593826636173799471e+01
-8.497670244527881778e+00 -6.999201487107036712e+00 4.175819924875532507e+01
-9.323936187573329093e+00 -7.480262091771220589e+00 4.757813213577264833e+01
-9.359844103140765981e+00 -8.124585268432536367e+00 5.339806502278997158e+01
-9.470098679695540866e+00 -7.576580118551178522e+00 5.921799790980730194e+01
7.418375703510745822e+00 -1.271277382288307933e+01 1.018669039634040097e+00
8.678267010003381188e+00 -1.414723599266415199e+01 6.838601926651366014e+00
7.597216702499658858e+00 -1.531469908616632125e+01 1.265853481366869104e+01
7.083222483801521641e+00 -1.553712254394783265e+01 1.847846770068601785e+01
6.324145473827625707e+00 -1.537872161854367370e+01 2.429840058770334466e+01
4.355675605714108833e+00 -1.463107164229867685e+01 3.011833347472067146e+01
4.449663147423124521e+00 -1.381847728083311999e+01 3.593826636173799471e+01
3.867445743972143912e+00 -1.247252200524308030e+01 4.175819924875532507e+01
3.010835313673006830e+00 -1.123716186215595947e+01 4.757813213577264833e+01
2.171425972598028054e+00 -1.078669831263870371e+01 5.339806502278997158e+01
1.939619602776782470e+00 -9.640024497516174407e+00 5.921799790980730194e+01
1.644630256951798231e+01 -5.485548908865481188e+00 1.018669039634040097e+00
1.642651993928038578e+01 -5.324000373949504095e+00 6.838601926651366014e+00
1.661516173968733412e+01 -5.887881649550492646e+00 1.265853481366869104e+01
1.550198685603356452e+01 -4.429049058081762524e+00 1.847846770068601785e+01
1.424195081693407339e+01 -3.543282880005563573e+00 2.429840058770334466e+01
1.207512774681917023e+01 -1.777732433288620850e+00 3.011833347472067146e+01
1.054862501595574642e+01 -2.029733038102906395e+00 3.593826636173799471e+01
7.513476164770507282e+00 -2.109096176613585172e+00 4.175819924875532507e+01
4.073097527063230139e+00 -6.763262387870158099e-01 4.757813213577264833e+01
5.699594337400478494e+00 -4.041922436340638081e-01 5.339806502278997158e+01
6.204959686180052003e+00 -3.439586091208728380e-01 5.921799790980730194e+01
3.714950466034719345e-01 1.026124669219829677e+01 1.018669039634040097e+00
3.842693304650832142e-01 1.075485447312727771e+01 6.838601926651366014e+00
-1.610535002691734774e-01 1.187432688813284010e+01 1.265853481366869104e+01
5.356416875579304016e-01 1.243446190123604467e+01 1.847846770068601785e+01
-2.439405690499794332e-01 1.544139465082081664e+01 2.429840058770334466e+01
-4.205930424145165047e-01 1.665620362725226755e+01 3.011833347472067146e+01
-7.949341116389047057e-01 1.653286798411824066e+01 3.593826636173799471e+01
-2.644415477621478439e-01 1.412965478019704157e+01 4.175819924875532507e+01
-8.275087245814078951e-01 1.295928111406963978e+01 4.757813213577264833e+01
1.247409498417012541e+00 9.247154176727093500e+00 5.339806502278997158e+01
1.620906427064223498e+00 9.121271608087100802e+00 5.921799790980730194e+01
-9.376689326497327670e+00 1.037882296131224891e+01 1.018669039634040097e+00
-1.262817582963353225e+01 1.313462475946681352e+01 6.838601926651366014e+00
-1.227664006524281959e+01 1.335441828969658928e+01 1.265853481366869104e+01
-9.736535312976114298e+00 1.202191424192935187e+01 1.847846770068601785e+01
-1.034617927115436586e+01 1.239532786366102002e+01 2.429840058770334466e+01
-1.011458523815750254e+01 1.241214175068132519e+01 3.011833347472067146e+01
-9.890112548040521645e+00 1.231709378810025157e+01 3.593826636173799471e+01
-9.976039412844851739e+00 1.167326698172404775e+01 4.175819924875532507e+01
-9.446390719777474132e+00 1.001919769037419883e+01 4.757813213577264833e+01
-8.242340222737224664e+00 7.597072423222266835e+00 5.339806502278997158e+01
-7.924223720839207452e+00 6.979929339028346114e+00 5.921799790980730194e+01
-5.471870853003292900e+00 -4.164069169867255837e+00 1.018669039634040097e+00
-8.616368921134871073e+00 -5.690697159734075861e+00 6.838601926651366014e+00
-9.981777965357531812e+00 -6.951449002314816994e+00 1.265853481366869104e+01
-1.047295709922501672e+01 -7.476059318302993972e+00 1.847846770068601785e+01
-1.011433540066662751e+01 -7.670605722006371252e+00 2.429840058770334466e+01
-8.168265540531644220e+00 -7.368261521328455466e+00 3.011833347472067146e+01
-7.778996622564418040e+00 -6.886862180810853218e+00 3.593826636173799471e+01
-8.497670244527881778e+00 -6.999201487107036712e+00 4.175819924875532507e+01
-9.323936187573329093e+00 -7.480262091771220589e+00 4.757813213577264833e+01
-9.359844103140765981e+00 -8.124585268432536367e+00 5.339806502278997158e+01
-9.470098679695540866e+00 -7.576580118551178522e+00 5.921799790980730194e+01
