-5.172288193082972718e+00 -3.491684389274761990e+00 1.083648903970590105e+00
-7.616313089544636483e+00 -4.669780485400039538e+00 6.470215650537200602e+00
-8.806217930372181257e+00 -5.159959087495919583e+00 1.185678239710381021e+01
-8.779743057999366940e+00 -6.479716463684368044e+00 1.724334914367042160e+01
-9.425545087925808474e+00 -7.108783262748517018e+00 2.262991589023703298e+01
-8.891132937346643672e+00 -7.662181382370763849e+00 2.801648263680364437e+01
-8.341573387961561892e+00 -7.553278960011962972e+00 3.340304938337025220e+01
-8.136381422122351381e+00 -7.010026482845503004e+00 3.878961612993686714e+01
-8.033889261796124615e+00 -6.588424314868713161e+00 4.417618287650347497e+01
-7.933302114304794372e+00 -6.488863122468753630e+00 4.956274962307008281e+01
-7.607247175097283431e+00 -6.682001942649879567e+00 5.494931636963669774e+01
6.866707010023831437e+00 -1.099390800602968987e+01 1.083648903970590105e+00
8.737869905834688922e+00 -1.281125242904743011e+01 6.470215650537200602e+00
8.166792468901206803e+00 -1.415841525782558996e+01 1.185678239710381021e+01
7.126970881427970639e+00 -1.476646230004405425e+01 1.724334914367042160e+01
4.888588285430617297e+00 -1.496999799256247421e+01 2.262991589023703298e+01
3.235432735229337720e+00 -1.452540505118054170e+01 2.801648263680364437e+01
4.000984962044472404e+00 -1.318283068384330114e+01 3.340304938337025220e+01
3.862478781210551215e+00 -1.139575918732941950e+01 3.878961612993686714e+01
2.872693970764176097e+00 -9.032751436182460125e+00 4.417618287650347497e+01
2.263515524209620544e+00 -8.858169321295987331e+00 4.956274962307008281e+01
2.021988395436608688e+00 -8.960398722362739932e+00 5.494931636963669774e+01
1.451752067596132889e+01 -4.704114666570935910e+00 1.083648903970590105e+00
1.547013469150925857e+01 -6.460864732670895449e+00 6.470215650537200602e+00
1.532557848147275692e+01 -6.797572629335543404e+00 1.185678239710381021e+01
1.355622257230119843e+01 -4.686919867237386406e+00 1.724334914367042160e+01
1.167476121901835739e+01 -2.816927710803850626e+00 2.262991589023703298e+01
1.006940936475096748e+01 -1.651382575374332307e+00 2.801648263680364437e+01
8.592006054533491977e+00 -1.700323490659765513e+00 3.340304938337025220e+01
6.157758924175249504e+00 -1.289700127685586173e+00 3.878961612993686714e+01
4.398380254101338593e+00 -6.571119905977430564e-01 4.417618287650347497e+01
6.017892050952075245e+00 4.433511161404050105e-01 4.956274962307008281e+01
6.646766352168823389e+00 5.323216837535194035e-01 5.494931636963669774e+01
-2.461617096672780447e-01 1.110580350221978918e+01 1.083648903970590105e+00
-5.458003609460805317e-01 1.197867582898576622e+01 6.470215650537200602e+00
-3.098719755533990150e-01 1.242908791767074916e+01 1.185678239710381021e+01
5.221783761343708197e-02 1.335672537759379708e+01 1.724334914367042160e+01
-5.939384507173732508e-02 1.553809035936962957e+01 2.262991589023703298e+01
4.003947310368137780e-01 1.567098715776230478e+01 2.801648263680364437e+01
6.963659047339193497e-01 1.523526423306977406e+01 3.340304938337025220e+01
1.269887910631189998e+00 1.338640962013865554e+01 3.878961612993686714e+01
1.508532200031225345e+00 1.215286084477532924e+01 4.417618287650347497e+01
2.808143753955090194e+00 9.688413891353116369e+00 4.956274962307008281e+01
3.265457089821570680e+00 9.480039683416993768e+00 5.494931636963669774e+01
-8.723947365442242585e+00 1.156450870199771863e+01 1.083648903970590105e+00
-1.134378988748466277e+01 1.372203561072252853e+01 6.470215650537200602e+00
-1.019130392360125548e+01 1.290185090925386646e+01 1.185678239710381021e+01
-7.677199444991762434e+00 1.094759960554752709e+01 1.724334914367042160e+01
-9.102088194464714732e+00 1.193341463360319743e+01 2.262991589023703298e+01
-8.811436453613708863e+00 1.061564972068636870e+01 2.801648263680364437e+01
-7.361730011148741148e+00 9.115285742755199649e+00 3.340304938337025220e+01
-7.257706607159799539e+00 7.861882121177464100e+00 3.878961612993686714e+01
-7.173946349866939798e+00 6.926815864600052386e+00 4.417618287650347497e+01
-6.334206808532608868e+00 5.872767060142153994e+00 4.956274962307008281e+01
-6.082059259978774612e+00 5.501553966264958184e+00 5.494931636963669774e+01
-5.172288193082972718e+00 -3.491684389274761990e+00 1.083648903970590105e+00
-7.616313089544636483e+00 -4.669780485400039538e+00 6.470215650537200602e+00
-8.806217930372181257e+00 -5.159959087495919583e+00 1.185678239710381021e+01
-8.779743057999366940e+00 -6.479716463684368044e+00 1.724334914367042160e+01
-9.425545087925808474e+00 -7.108783262748517018e+00 2.262991589023703298e+01
-8.891132937346643672e+00 -7.662181382370763849e+00 2.801648263680364437e+01
-8.341573387961561892e+00 -7.553278960011962972e+00 3.340304938337025220e+01
-8.136381422122351381e+00 -7.010026482845503004e+00 3.878961612993686714e+01
-8.033889261796124615e+00 -6.588424314868713161e+00 4.417618287650347497e+01
-7.933302114304794372e+00 -6.488863122468753630e+00 4.956274962307008281e+01
-7.607247175097283431e+00 -6.682001942649879567e+00 5.494931636963669774e+01
